Message:
openmolecules.org MolfileCreator 1.0

 21 23  0  0  0  0  0  0  0  0999 V2000
    1.2990   -0.0000   -0.0000 C   0  0  0  0  0  0  0  0  0  0  0  0
    2.5981   -0.7500   -0.0000 C   0  0  0  0  0  0  0  0  0  0  0  0
    3.8971   -0.0000   -0.0000 C   0  0  0  0  0  0  0  0  0  0  0  0
    3.8971    1.5000   -0.0000 C   0  0  0  0  0  0  0  0  0  0  0  0
    2.5981    2.2500   -0.0000 C   0  0  0  0  0  0  0  0  0  0  0  0
    1.2990    1.5000   -0.0000 C   0  0  0  0  0  0  0  0  0  0  0  0
    0.0000   -0.7500   -0.0000 S   0  0  0  0  0  0  0  0  0  0  0  0
   -0.3882   -2.1989   -0.0000 O   0  0  0  0  0  0  0  0  0  0  0  0
    1.0606   -1.8106   -0.0000 O   0  0  0  0  0  0  0  0  0  0  0  0
   -0.3882    0.6989   -0.0000 C   0  0  0  0  0  0  0  0  0  0  0  0
   -0.7764    2.1478   -0.0000 C   0  0  0  0  0  0  0  0  0  0  0  0
   -1.1647    3.5967   -0.0000 C   0  0  0  0  0  0  0  0  0  0  0  0
   -0.1040    4.6573   -0.0000 C   0  0  0  0  0  0  0  0  0  0  0  0
   -0.4922    6.1062   -0.0000 C   0  0  0  0  0  0  0  0  0  0  0  0
   -1.9411    6.4945   -0.0000 C   0  0  0  0  0  0  0  0  0  0  0  0
   -3.0018    5.4338   -0.0000 C   0  0  0  0  0  0  0  0  0  0  0  0
   -4.4507    5.8221   -0.0000 C   0  0  0  0  0  0  0  0  0  0  0  0
   -5.5113    4.7614   -0.0000 C   0  0  0  0  0  0  0  0  0  0  0  0
   -5.1231    3.3125   -0.0000 C   0  0  0  0  0  0  0  0  0  0  0  0
   -3.6742    2.9243   -0.0000 C   0  0  0  0  0  0  0  0  0  0  0  0
   -2.6135    3.9849   -0.0000 C   0  0  0  0  0  0  0  0  0  0  0  0
  1  2  2  0  0  0  0
  2  3  1  0  0  0  0
  3  4  2  0  0  0  0
  4  5  1  0  0  0  0
  5  6  2  0  0  0  0
  1  6  1  0  0  0  0
  1  7  1  0  0  0  0
  7  8  2  0  0  0  0
  7  9  2  0  0  0  0
  7 10  1  0  0  0  0
 10 11  3  0  0  0  0
 11 12  1  0  0  0  0
 12 13  2  0  0  0  0
 13 14  1  0  0  0  0
 14 15  2  0  0  0  0
 15 16  1  0  0  0  0
 16 17  2  0  0  0  0
 17 18  1  0  0  0  0
 18 19  2  0  0  0  0
 19 20  1  0  0  0  0
 20 21  2  0  0  0  0
 12 21  1  0  0  0  0
 16 21  1  0  0  0  0
M  END

