Message:
openmolecules.org MolfileCreator 1.0

 22 26  0  0  1  0  0  0  0  0999 V2000
    1.2990   -0.0000   -0.0000 C   0  0  0  0  0  0  0  0  0  0  0  0
    0.0000   -0.7500   -0.0000 C   0  0  0  0  0  0  0  0  0  0  0  0
    1.2135   -1.6317   -0.0000 C   0  0  0  0  0  0  0  0  0  0  0  0
    0.7500   -3.0583   -0.0000 C   0  0  0  0  0  0  0  0  0  0  0  0
   -0.7500   -3.0583   -0.0000 C   0  0  0  0  0  0  0  0  0  0  0  0
   -1.2135   -1.6317   -0.0000 C   0  0  0  0  0  0  0  0  0  0  0  0
   -2.5838   -1.0216   -0.0000 C   0  0  0  0  0  0  0  0  0  0  0  0
   -3.7974   -1.9033   -0.0000 C   0  0  0  0  0  0  0  0  0  0  0  0
   -5.1677   -1.2931   -0.0000 C   0  0  0  0  0  0  0  0  0  0  0  0
   -5.3245    0.1986   -0.0000 C   0  0  0  0  0  0  0  0  0  0  0  0
   -6.6948    0.8087   -0.0000 C   0  0  0  0  0  0  0  0  0  0  0  0
   -6.8516    2.3005   -0.0000 C   0  0  0  0  0  0  0  0  0  0  0  0
   -5.6381    3.1822   -0.0000 C   0  0  0  0  0  0  0  0  0  0  0  0
   -4.2677    2.5721   -0.0000 C   0  0  0  0  0  0  0  0  0  0  0  0
   -4.1110    1.0803   -0.0000 C   0  0  0  0  0  0  0  0  0  0  0  0
   -2.8974    1.9620   -0.0000 C   0  0  0  0  0  0  0  0  0  0  0  0
   -2.7406    0.4702   -0.0000 C   0  0  0  0  0  0  0  0  0  0  0  0
   -1.5271    1.3519   -0.0000 C   0  0  0  0  0  0  0  0  0  0  0  0
   -0.1568    0.7418   -0.0000 C   0  0  0  0  0  0  0  0  0  0  0  0
   -4.4245    4.0639   -0.0000 O   0  0  0  0  0  0  0  0  0  0  0  0
   -8.2219    2.9106   -0.0000 O   0  0  0  0  0  0  0  0  0  0  0  0
    2.6401   -1.1682   -0.0000 O   0  0  0  0  0  0  0  0  0  0  0  0
  2  1  1  1  0  0  0
  2  3  1  0  0  0  0
  3  4  1  0  0  0  0
  4  5  1  0  0  0  0
  6  5  1  1  0  0  0
  2  6  1  0  0  0  0
  7  6  1  0  0  0  0
  7  8  1  6  0  0  0
  8  9  2  0  0  0  0
  9 10  1  0  0  0  0
 10 11  2  0  0  0  0
 11 12  1  0  0  0  0
 13 12  1  0  0  0  0
 14 13  1  0  0  0  0
 15 14  1  0  0  0  0
 10 15  1  0  0  0  0
 15 16  1  1  0  0  0
 17 15  1  0  0  0  0
  7 17  1  0  0  0  0
 17 18  1  1  0  0  0
 18 19  1  0  0  0  0
  2 19  1  0  0  0  0
 14 20  1  6  0  0  0
 13 20  1  6  0  0  0
 12 21  2  0  0  0  0
  3 22  2  0  0  0  0
M  END

