Message:
openmolecules.org MolfileCreator 1.0

 40 44  0  0  0  0  0  0  0  0999 V2000
    2.5981   -0.7500   -0.0000 C   0  0  0  0  0  0  0  0  0  0  0  0
    1.2990   -0.0000   -0.0000 O   0  0  0  0  0  0  0  0  0  0  0  0
    0.0000   -0.7500   -0.0000 C   0  0  0  0  0  0  0  0  0  0  0  0
   -1.2990    0.0000   -0.0000 C   0  0  0  0  0  0  0  0  0  0  0  0
   -2.5981   -0.7500   -0.0000 C   0  0  0  0  0  0  0  0  0  0  0  0
   -2.5981   -2.2500   -0.0000 C   0  0  0  0  0  0  0  0  0  0  0  0
   -1.2990   -3.0000   -0.0000 C   0  0  0  0  0  0  0  0  0  0  0  0
   -1.2990   -4.5000   -0.0000 C   0  0  0  0  0  0  0  0  0  0  0  0
   -0.0000   -5.2500   -0.0000 C   0  0  0  0  0  0  0  0  0  0  0  0
   -0.0000   -6.7500   -0.0000 C   0  0  0  0  0  0  0  0  0  0  0  0
    1.2990   -7.5000   -0.0000 C   0  0  0  0  0  0  0  0  0  0  0  0
    2.5981   -6.7500   -0.0000 C   0  0  0  0  0  0  0  0  0  0  0  0
    2.5981   -5.2500   -0.0000 C   0  0  0  0  0  0  0  0  0  0  0  0
    1.2990   -4.5000   -0.0000 C   0  0  0  0  0  0  0  0  0  0  0  0
    1.2990   -3.0000   -0.0000 C   0  0  0  0  0  0  0  0  0  0  0  0
   -0.0000   -2.2500   -0.0000 C   0  0  0  0  0  0  0  0  0  0  0  0
    2.5981   -2.2500   -0.0000 O   0  0  0  0  0  0  0  0  0  0  0  0
   -2.5981   -5.2500   -0.0000 O   0  0  0  0  0  0  0  0  0  0  0  0
   -3.8971   -3.0000   -0.0000 O   0  0  0  0  0  0  0  0  0  0  0  0
   -3.8971   -4.5000   -0.0000 C   0  0  0  0  0  0  0  0  0  0  0  0
   -3.8971    0.0000   -0.0000 C   0  0  0  0  0  0  0  0  0  0  0  0
   -5.1962   -0.7500   -0.0000 C   0  0  0  0  0  0  0  0  0  0  0  0
   -5.1962   -2.2500   -0.0000 C   0  0  0  0  0  0  0  0  0  0  0  0
   -6.4952   -3.0000   -0.0000 C   0  0  0  0  0  0  0  0  0  0  0  0
   -7.7942   -2.2500   -0.0000 C   0  0  0  0  0  0  0  0  0  0  0  0
   -7.7942   -0.7500   -0.0000 C   0  0  0  0  0  0  0  0  0  0  0  0
   -6.4952    0.0000   -0.0000 C   0  0  0  0  0  0  0  0  0  0  0  0
   -5.1962    0.7500   -0.0000 N   0  0  0  0  0  0  0  0  0  0  0  0
   -6.4952    1.5000   -0.0000 O   0  0  0  0  0  0  0  0  0  0  0  0
   -3.8971    1.5000   -0.0000 O   0  0  0  0  0  0  0  0  0  0  0  0
   -1.2990    1.5000   -0.0000 C   0  0  0  0  0  0  0  0  0  0  0  0
    0.0000    2.2500   -0.0000 C   0  0  0  0  0  0  0  0  0  0  0  0
    1.2990    1.5000   -0.0000 C   0  0  0  0  0  0  0  0  0  0  0  0
    2.5981    2.2500   -0.0000 C   0  0  0  0  0  0  0  0  0  0  0  0
    2.5981    3.7500   -0.0000 C   0  0  0  0  0  0  0  0  0  0  0  0
    1.2990    4.5000   -0.0000 C   0  0  0  0  0  0  0  0  0  0  0  0
    0.0000    3.7500   -0.0000 C   0  0  0  0  0  0  0  0  0  0  0  0
   -1.2990    3.0000   -0.0000 N   0  0  0  0  0  0  0  0  0  0  0  0
   -1.2990    4.5000   -0.0000 O   0  0  0  0  0  0  0  0  0  0  0  0
   -2.5981    2.2500   -0.0000 O   0  0  0  0  0  0  0  0  0  0  0  0
  1  2  1  0  0  0  0
  2  3  1  0  0  0  0
  3  4  2  0  0  0  0
  4  5  1  0  0  0  0
  5  6  2  0  0  0  0
  6  7  1  0  0  0  0
  7  8  1  0  0  0  0
  8  9  1  0  0  0  0
  9 10  2  0  0  0  0
 10 11  1  0  0  0  0
 11 12  2  0  0  0  0
 12 13  1  0  0  0  0
 13 14  2  0  0  0  0
  9 14  1  0  0  0  0
 14 15  1  0  0  0  0
 15 16  1  0  0  0  0
  3 16  1  0  0  0  0
  7 16  2  0  0  0  0
 15 17  2  0  0  0  0
  8 18  2  0  0  0  0
  6 19  1  0  0  0  0
 19 20  1  0  0  0  0
  5 21  1  0  0  0  0
 21 22  1  0  0  0  0
 22 23  1  0  0  0  0
 23 24  1  0  0  0  0
 24 25  1  0  0  0  0
 25 26  1  0  0  0  0
 26 27  1  0  0  0  0
 22 27  1  0  0  0  0
 22 28  1  0  0  0  0
 28 29  2  0  0  0  0
 28 30  1  0  0  0  0
  4 31  1  0  0  0  0
 31 32  1  0  0  0  0
 32 33  1  0  0  0  0
 33 34  1  0  0  0  0
 34 35  1  0  0  0  0
 35 36  1  0  0  0  0
 36 37  1  0  0  0  0
 32 37  1  0  0  0  0
 32 38  1  0  0  0  0
 38 39  2  0  0  0  0
 38 40  1  0  0  0  0
M  CHG  4  28   1  30  -1  38   1  40  -1
M  END

