Message:
openmolecules.org MolfileCreator 1.0

 31 32  0  0  0  0  0  0  0  0999 V2000
    9.5263   -0.0000   -0.0000 C   0  0  0  0  0  0  0  0  0  0  0  0
   10.3923   -0.5000   -0.0000 C   0  0  0  0  0  0  0  0  0  0  0  0
   10.3923   -1.5000   -0.0000 C   0  0  0  0  0  0  0  0  0  0  0  0
   11.2583   -2.0000   -0.0000 C   0  0  0  0  0  0  0  0  0  0  0  0
   12.1244   -1.5000   -0.0000 C   0  0  0  0  0  0  0  0  0  0  0  0
   12.1244   -0.5000   -0.0000 C   0  0  0  0  0  0  0  0  0  0  0  0
   11.2583   -0.0000   -0.0000 C   0  0  0  0  0  0  0  0  0  0  0  0
    8.6603   -0.5000   -0.0000 O   0  0  0  0  0  0  0  0  0  0  0  0
    7.7942   -0.0000   -0.0000 C   0  0  0  0  0  0  0  0  0  0  0  0
    6.9282   -0.5000   -0.0000 C   0  0  0  0  0  0  0  0  0  0  0  0
    6.9282   -1.5000   -0.0000 C   0  0  0  0  0  0  0  0  0  0  0  0
    7.7942   -2.0000   -0.0000 C   0  0  0  0  0  0  0  0  0  0  0  0
    7.7942   -3.0000   -0.0000 C   0  0  0  0  0  0  0  0  0  0  0  0
    8.6603   -3.5000   -0.0000 C   0  0  0  0  0  0  0  0  0  0  0  0
    9.5263   -3.0000   -0.0000 C   0  0  0  0  0  0  0  0  0  0  0  0
    9.5263   -2.0000   -0.0000 C   0  0  0  0  0  0  0  0  0  0  0  0
    8.6603   -1.5000   -0.0000 C   0  0  0  0  0  0  0  0  0  0  0  0
    6.0622   -0.0000   -0.0000 O   0  0  0  0  0  0  0  0  0  0  0  0
    5.1962   -0.5000   -0.0000 C   0  0  0  0  0  0  0  0  0  0  0  0
    4.3301   -0.0000   -0.0000 C   0  0  0  0  0  0  0  0  0  0  0  0
    3.4641   -0.5000   -0.0000 N   0  0  0  0  0  0  0  0  0  0  0  0
    2.5981   -0.0000   -0.0000 C   0  0  0  0  0  0  0  0  0  0  0  0
    1.7321   -0.5000   -0.0000 C   0  0  0  0  0  0  0  0  0  0  0  0
    1.7321   -1.5000   -0.0000 O   0  0  0  0  0  0  0  0  0  0  0  0
    0.8660   -0.0000   -0.0000 O   0  0  0  0  0  0  0  0  0  0  0  0
    0.0000   -0.5000   -0.0000 C   0  0  0  0  0  0  0  0  0  0  0  0
    0.5000   -1.3660   -0.0000 C   0  0  0  0  0  0  0  0  0  0  0  0
   -0.8660   -1.0000   -0.0000 C   0  0  0  0  0  0  0  0  0  0  0  0
   -0.5000    0.3660   -0.0000 C   0  0  0  0  0  0  0  0  0  0  0  0
    5.1962   -1.5000   -0.0000 O   0  0  0  0  0  0  0  0  0  0  0  0
    7.7942    1.0000   -0.0000 O   0  0  0  0  0  0  0  0  0  0  0  0
  1  2  1  0  0  0  0
  2  3  2  0  0  0  0
  3  4  1  0  0  0  0
  4  5  2  0  0  0  0
  5  6  1  0  0  0  0
  6  7  2  0  0  0  0
  2  7  1  0  0  0  0
  1  8  1  0  0  0  0
  8  9  1  0  0  0  0
  9 10  1  0  0  0  0
 10 11  1  0  0  0  0
 11 12  1  0  0  0  0
 12 13  2  0  0  0  0
 13 14  1  0  0  0  0
 14 15  2  0  0  0  0
 15 16  1  0  0  0  0
 16 17  2  0  0  0  0
 12 17  1  0  0  0  0
 10 18  1  0  0  0  0
 18 19  1  0  0  0  0
 19 20  1  0  0  0  0
 20 21  1  0  0  0  0
 21 22  1  0  0  0  0
 22 23  1  0  0  0  0
 23 24  2  0  0  0  0
 23 25  1  0  0  0  0
 25 26  1  0  0  0  0
 26 27  1  0  0  0  0
 26 28  1  0  0  0  0
 26 29  1  0  0  0  0
 19 30  2  0  0  0  0
  9 31  2  0  0  0  0
M  END

