Message:
openmolecules.org MolfileCreator 1.0

 52 57  0  0  1  0  0  0  0  0999 V2000
    6.9282   -0.5000   -0.0000 C   0  0  0  0  0  0  0  0  0  0  0  0
    7.7942   -0.0000   -0.0000 C   0  0  0  0  0  0  0  0  0  0  0  0
    8.6603   -0.5000   -0.0000 C   0  0  0  0  0  0  0  0  0  0  0  0
    9.5263   -0.0000   -0.0000 C   0  0  0  0  0  0  0  0  0  0  0  0
    9.5263    1.0000   -0.0000 C   0  0  0  0  0  0  0  0  0  0  0  0
    8.6603    1.5000   -0.0000 C   0  0  0  0  0  0  0  0  0  0  0  0
    7.7942    1.0000   -0.0000 C   0  0  0  0  0  0  0  0  0  0  0  0
    6.0622   -0.0000   -0.0000 O   0  0  0  0  0  0  0  0  0  0  0  0
    5.1962   -0.5000   -0.0000 C   0  0  0  0  0  0  0  0  0  0  0  0
    4.3301   -0.0000   -0.0000 C   0  0  0  0  0  0  0  0  0  0  0  0
    3.4641   -0.5000   -0.0000 C   0  0  0  0  0  0  0  0  0  0  0  0
    3.4641   -1.5000   -0.0000 C   0  0  0  0  0  0  0  0  0  0  0  0
    4.3301   -2.0000   -0.0000 C   0  0  0  0  0  0  0  0  0  0  0  0
    5.1962   -1.5000   -0.0000 C   0  0  0  0  0  0  0  0  0  0  0  0
    6.0622   -2.0000   -0.0000 O   0  0  0  0  0  0  0  0  0  0  0  0
    6.0622   -3.0000   -0.0000 C   0  0  0  0  0  0  0  0  0  0  0  0
    6.9282   -3.5000   -0.0000 C   0  0  0  0  0  0  0  0  0  0  0  0
    6.9282   -4.5000   -0.0000 C   0  0  0  0  0  0  0  0  0  0  0  0
    7.7942   -5.0000   -0.0000 C   0  0  0  0  0  0  0  0  0  0  0  0
    8.6603   -4.5000   -0.0000 C   0  0  0  0  0  0  0  0  0  0  0  0
    8.6603   -3.5000   -0.0000 C   0  0  0  0  0  0  0  0  0  0  0  0
    7.7942   -3.0000   -0.0000 C   0  0  0  0  0  0  0  0  0  0  0  0
    4.3301   -3.0000   -0.0000 O   0  0  0  0  0  0  0  0  0  0  0  0
    3.4641   -3.5000   -0.0000 C   0  0  0  0  0  0  0  0  0  0  0  0
    3.4641   -4.5000   -0.0000 C   0  0  0  0  0  0  0  0  0  0  0  0
    2.5981   -5.0000   -0.0000 C   0  0  0  0  0  0  0  0  0  0  0  0
    2.5981   -6.0000   -0.0000 C   0  0  0  0  0  0  0  0  0  0  0  0
    3.4641   -6.5000   -0.0000 C   0  0  0  0  0  0  0  0  0  0  0  0
    4.3301   -6.0000   -0.0000 C   0  0  0  0  0  0  0  0  0  0  0  0
    4.3301   -5.0000   -0.0000 C   0  0  0  0  0  0  0  0  0  0  0  0
    2.5981   -2.0000   -0.0000 O   0  0  0  0  0  0  0  0  0  0  0  0
    1.7321   -1.5000   -0.0000 C   0  0  0  0  0  0  0  0  0  0  0  0
    0.8660   -2.0000   -0.0000 C   0  0  0  0  0  0  0  0  0  0  0  0
    0.0000   -1.5000   -0.0000 C   0  0  0  0  0  0  0  0  0  0  0  0
   -0.8660   -2.0000   -0.0000 C   0  0  0  0  0  0  0  0  0  0  0  0
   -0.8660   -3.0000   -0.0000 C   0  0  0  0  0  0  0  0  0  0  0  0
   -0.0000   -3.5000   -0.0000 C   0  0  0  0  0  0  0  0  0  0  0  0
    0.8660   -3.0000   -0.0000 C   0  0  0  0  0  0  0  0  0  0  0  0
    2.5981   -0.0000   -0.0000 C   0  0  0  0  0  0  0  0  0  0  0  0
    2.5981    1.0000   -0.0000 O   0  0  0  0  0  0  0  0  0  0  0  0
    1.7321    1.5000   -0.0000 C   0  0  0  0  0  0  0  0  0  0  0  0
    1.7321    2.5000   -0.0000 C   0  0  0  0  0  0  0  0  0  0  0  0
    0.8660    3.0000   -0.0000 C   0  0  0  0  0  0  0  0  0  0  0  0
    0.8660    4.0000   -0.0000 C   0  0  0  0  0  0  0  0  0  0  0  0
    1.7321    4.5000   -0.0000 C   0  0  0  0  0  0  0  0  0  0  0  0
    2.5981    4.0000   -0.0000 C   0  0  0  0  0  0  0  0  0  0  0  0
    2.5981    3.0000   -0.0000 C   0  0  0  0  0  0  0  0  0  0  0  0
    4.3301    1.0000   -0.0000 C   0  0  0  0  0  0  0  0  0  0  0  0
    5.1962    1.5000   -0.0000 S   0  0  0  0  0  0  0  0  0  0  0  0
    4.6962    2.3660   -0.0000 O   0  0  0  0  0  0  0  0  0  0  0  0
    5.6962    0.6340   -0.0000 O   0  0  0  0  0  0  0  0  0  0  0  0
    6.0622    2.0000   -0.0000 O   0  0  0  0  0  0  0  0  0  0  0  0
  1  2  1  0  0  0  0
  2  3  2  0  0  0  0
  3  4  1  0  0  0  0
  4  5  2  0  0  0  0
  5  6  1  0  0  0  0
  6  7  2  0  0  0  0
  2  7  1  0  0  0  0
  1  8  1  0  0  0  0
  9  8  1  6  0  0  0
 10  9  1  0  0  0  0
 11 10  1  0  0  0  0
 12 11  1  0  0  0  0
 13 12  1  0  0  0  0
 14 13  1  0  0  0  0
  9 14  1  0  0  0  0
 14 15  1  1  0  0  0
 15 16  1  0  0  0  0
 16 17  1  0  0  0  0
 17 18  2  0  0  0  0
 18 19  1  0  0  0  0
 19 20  2  0  0  0  0
 20 21  1  0  0  0  0
 21 22  2  0  0  0  0
 17 22  1  0  0  0  0
 13 23  1  6  0  0  0
 23 24  1  0  0  0  0
 24 25  1  0  0  0  0
 25 26  2  0  0  0  0
 26 27  1  0  0  0  0
 27 28  2  0  0  0  0
 28 29  1  0  0  0  0
 29 30  2  0  0  0  0
 25 30  1  0  0  0  0
 12 31  1  6  0  0  0
 31 32  1  0  0  0  0
 32 33  1  0  0  0  0
 33 34  2  0  0  0  0
 34 35  1  0  0  0  0
 35 36  2  0  0  0  0
 36 37  1  0  0  0  0
 37 38  2  0  0  0  0
 33 38  1  0  0  0  0
 11 39  1  1  0  0  0
 39 40  1  0  0  0  0
 40 41  1  0  0  0  0
 41 42  1  0  0  0  0
 42 43  2  0  0  0  0
 43 44  1  0  0  0  0
 44 45  2  0  0  0  0
 45 46  1  0  0  0  0
 46 47  2  0  0  0  0
 42 47  1  0  0  0  0
 10 48  1  6  0  0  0
 48 49  1  0  0  0  0
 49 50  2  0  0  0  0
 49 51  2  0  0  0  0
 49 52  1  0  0  0  0
M  CHG  1  52  -1
M  END

