Message:
openmolecules.org MolfileCreator 1.0

 19 19  0  0  0  0  0  0  0  0999 V2000
   11.6682   -4.0537   -0.0000 Cl  0  0  0  0  0  0  0  0  0  0  0  0
   12.9673   -4.8037   -0.0000 O   0  0  0  0  0  0  0  0  0  0  0  0
   11.6682   -2.5537   -0.0000 O   0  0  0  0  0  0  0  0  0  0  0  0
   11.6682   -5.5537   -0.0000 O   0  0  0  0  0  0  0  0  0  0  0  0
   10.3692   -4.8037   -0.0000 O   0  0  0  0  0  0  0  0  0  0  0  0
    6.2291   -6.6938   -0.0000 Cl  0  0  0  0  0  0  0  0  0  0  0  0
    6.6926   -5.2672   -0.0000 C   0  0  0  0  0  0  0  0  0  0  0  0
    8.1192   -4.8037   -0.0000 N   0  0  0  0  0  0  0  0  0  0  0  0
    8.1192   -3.3037   -0.0000 S   0  0  0  0  0  0  0  0  0  0  0  0
    6.6926   -2.8401   -0.0000 S   0  0  0  0  0  0  0  0  0  0  0  0
    5.8109   -4.0537   -0.0000 C   0  0  0  0  0  0  0  0  0  0  0  0
    4.3109   -4.0537   -0.0000 C   0  0  0  0  0  0  0  0  0  0  0  0
    3.5609   -2.7546   -0.0000 C   0  0  0  0  0  0  0  0  0  0  0  0
    2.0609   -2.7546   -0.0000 C   0  0  0  0  0  0  0  0  0  0  0  0
    1.3109   -4.0537   -0.0000 C   0  0  0  0  0  0  0  0  0  0  0  0
    2.0609   -5.3527   -0.0000 C   0  0  0  0  0  0  0  0  0  0  0  0
    3.5609   -5.3527   -0.0000 C   0  0  0  0  0  0  0  0  0  0  0  0
   -0.1891   -4.0537   -0.0000 O   0  0  0  0  0  0  0  0  0  0  0  0
   -0.9391   -5.3527   -0.0000 C   0  0  0  0  0  0  0  0  0  0  0  0
  1  2  2  0  0  0  0
  1  3  2  0  0  0  0
  1  4  2  0  0  0  0
  1  5  1  0  0  0  0
  6  7  1  0  0  0  0
  7  8  1  0  0  0  0
  8  9  1  0  0  0  0
  9 10  1  0  0  0  0
 10 11  1  0  0  0  0
  7 11  2  0  0  0  0
 11 12  1  0  0  0  0
 12 13  2  0  0  0  0
 13 14  1  0  0  0  0
 14 15  2  0  0  0  0
 15 16  1  0  0  0  0
 16 17  2  0  0  0  0
 12 17  1  0  0  0  0
 15 18  1  0  0  0  0
 18 19  1  0  0  0  0
M  CHG  2   5  -1   8   1
M  END

