Message:
openmolecules.org MolfileCreator 1.0

 17 18  0  0  0  0  0  0  0  0999 V2000
    0.0000    1.5000   -0.0000 N   0  0  0  0  0  0  0  0  0  0  0  0
    0.8660    1.0000   -0.0000 C   0  0  0  0  0  0  0  0  0  0  0  0
    0.8660   -0.0000   -0.0000 C   0  0  0  0  0  0  0  0  0  0  0  0
    1.7321   -0.5000   -0.0000 C   0  0  0  0  0  0  0  0  0  0  0  0
    2.5981   -0.0000   -0.0000 C   0  0  0  0  0  0  0  0  0  0  0  0
    2.5981    1.0000   -0.0000 C   0  0  0  0  0  0  0  0  0  0  0  0
    1.7321    1.5000   -0.0000 C   0  0  0  0  0  0  0  0  0  0  0  0
    0.0000   -0.5000   -0.0000 N   0  0  0  0  0  0  0  0  0  0  0  0
   -0.9135   -0.0933   -0.0000 C   0  0  0  0  0  0  0  0  0  0  0  0
   -1.5827   -0.8364   -0.0000 S   0  0  0  0  0  0  0  0  0  0  0  0
   -1.0827   -1.7024   -0.0000 C   0  0  0  0  0  0  0  0  0  0  0  0
   -0.1045   -1.4945   -0.0000 C   0  0  0  0  0  0  0  0  0  0  0  0
    0.6386   -2.1637   -0.0000 C   0  0  0  0  0  0  0  0  0  0  0  0
    1.3077   -1.4205   -0.0000 C   0  0  0  0  0  0  0  0  0  0  0  0
    1.3818   -2.8328   -0.0000 C   0  0  0  0  0  0  0  0  0  0  0  0
   -0.0305   -2.9068   -0.0000 C   0  0  0  0  0  0  0  0  0  0  0  0
   -1.1215    0.8849   -0.0000 S   0  0  0  0  0  0  0  0  0  0  0  0
  1  2  1  0  0  0  0
  2  3  2  0  0  0  0
  3  4  1  0  0  0  0
  4  5  2  0  0  0  0
  5  6  1  0  0  0  0
  6  7  2  0  0  0  0
  2  7  1  0  0  0  0
  3  8  1  0  0  0  0
  8  9  1  0  0  0  0
  9 10  1  0  0  0  0
 10 11  1  0  0  0  0
 11 12  2  0  0  0  0
  8 12  1  0  0  0  0
 12 13  1  0  0  0  0
 13 14  1  0  0  0  0
 13 15  1  0  0  0  0
 13 16  1  0  0  0  0
  9 17  2  0  0  0  0
M  END

