Message:
openmolecules.org MolfileCreator 1.0

 20 21  0  0  0  0  0  0  0  0999 V2000
    0.8660   -0.0000   -0.0000 C   0  0  0  0  0  0  0  0  0  0  0  0
    1.7321   -0.5000   -0.0000 C   0  0  0  0  0  0  0  0  0  0  0  0
    0.8660    1.0000   -0.0000 C   0  0  0  0  0  0  0  0  0  0  0  0
    0.0000   -0.5000   -0.0000 N   0  0  0  0  0  0  0  0  0  0  0  0
   -0.9135   -0.0933   -0.0000 C   0  0  0  0  0  0  0  0  0  0  0  0
   -1.5827   -0.8364   -0.0000 C   0  0  0  0  0  0  0  0  0  0  0  0
   -1.0827   -1.7024   -0.0000 C   0  0  0  0  0  0  0  0  0  0  0  0
   -0.1045   -1.4945   -0.0000 C   0  0  0  0  0  0  0  0  0  0  0  0
   -1.4894   -2.6160   -0.0000 O   0  0  0  0  0  0  0  0  0  0  0  0
   -2.5772   -0.7319   -0.0000 C   0  0  0  0  0  0  0  0  0  0  0  0
   -2.9839    0.1817   -0.0000 C   0  0  0  0  0  0  0  0  0  0  0  0
   -3.9785    0.2862   -0.0000 C   0  0  0  0  0  0  0  0  0  0  0  0
   -4.3852    1.1997   -0.0000 C   0  0  0  0  0  0  0  0  0  0  0  0
   -3.7974    2.0088   -0.0000 C   0  0  0  0  0  0  0  0  0  0  0  0
   -2.8029    1.9042   -0.0000 C   0  0  0  0  0  0  0  0  0  0  0  0
   -2.3961    0.9907   -0.0000 C   0  0  0  0  0  0  0  0  0  0  0  0
   -4.5662   -0.5228   -0.0000 O   0  0  0  0  0  0  0  0  0  0  0  0
   -5.5608   -0.4183   -0.0000 C   0  0  0  0  0  0  0  0  0  0  0  0
   -3.1650   -1.5409   -0.0000 O   0  0  0  0  0  0  0  0  0  0  0  0
   -1.1215    0.8849   -0.0000 O   0  0  0  0  0  0  0  0  0  0  0  0
  1  2  1  0  0  0  0
  1  3  1  0  0  0  0
  1  4  1  0  0  0  0
  4  5  1  0  0  0  0
  5  6  1  0  0  0  0
  6  7  1  0  0  0  0
  7  8  1  0  0  0  0
  4  8  1  0  0  0  0
  7  9  2  0  0  0  0
  6 10  2  3  0  0  0
 10 11  1  0  0  0  0
 11 12  2  0  0  0  0
 12 13  1  0  0  0  0
 13 14  2  0  0  0  0
 14 15  1  0  0  0  0
 15 16  2  0  0  0  0
 11 16  1  0  0  0  0
 12 17  1  0  0  0  0
 17 18  1  0  0  0  0
 10 19  1  0  0  0  0
  5 20  2  0  0  0  0
M  END

