Message:
openmolecules.org MolfileCreator 1.0

 20 23  0  0  0  0  0  0  0  0999 V2000
    4.8358   -2.6203   -0.0000 C   0  0  0  0  0  0  0  0  0  0  0  0
    4.7313   -3.6148   -0.0000 N   0  0  0  0  0  0  0  0  0  0  0  0
    4.9404   -1.6258   -0.0000 C   0  0  0  0  0  0  0  0  0  0  0  0
    4.1313   -1.0380   -0.0000 C   0  0  0  0  0  0  0  0  0  0  0  0
    4.2359   -0.0435   -0.0000 C   0  0  0  0  0  0  0  0  0  0  0  0
    3.4268    0.5443   -0.0000 C   0  0  0  0  0  0  0  0  0  0  0  0
    3.5314    1.5388   -0.0000 C   0  0  0  0  0  0  0  0  0  0  0  0
    4.4449    1.9456   -0.0000 C   0  0  0  0  0  0  0  0  0  0  0  0
    5.2539    1.3578   -0.0000 N   0  0  0  0  0  0  0  0  0  0  0  0
    5.1494    0.3633   -0.0000 C   0  0  0  0  0  0  0  0  0  0  0  0
    5.9584   -0.2245   -0.0000 C   0  0  0  0  0  0  0  0  0  0  0  0
    5.8539   -1.2190   -0.0000 C   0  0  0  0  0  0  0  0  0  0  0  0
    4.5495    2.9401   -0.0000 O   0  0  0  0  0  0  0  0  0  0  0  0
    2.6178    1.9456   -0.0000 S   0  0  0  0  0  0  0  0  0  0  0  0
    1.9487    1.2024   -0.0000 C   0  0  0  0  0  0  0  0  0  0  0  0
    2.4487    0.3364   -0.0000 C   0  0  0  0  0  0  0  0  0  0  0  0
    1.7796   -0.4067   -0.0000 S   0  0  0  0  0  0  0  0  0  0  0  0
    0.8660   -0.0000   -0.0000 C   0  0  0  0  0  0  0  0  0  0  0  0
    0.9706    0.9945   -0.0000 C   0  0  0  0  0  0  0  0  0  0  0  0
    0.0000   -0.5000   -0.0000 Br  0  0  0  0  0  0  0  0  0  0  0  0
  1  2  3  0  0  0  0
  1  3  1  0  0  0  0
  3  4  1  0  0  0  0
  4  5  2  0  0  0  0
  5  6  1  0  0  0  0
  6  7  2  0  0  0  0
  7  8  1  0  0  0  0
  8  9  1  0  0  0  0
  9 10  1  0  0  0  0
  5 10  1  0  0  0  0
 10 11  2  0  0  0  0
 11 12  1  0  0  0  0
  3 12  2  0  0  0  0
  8 13  2  0  0  0  0
  7 14  1  0  0  0  0
 14 15  1  0  0  0  0
 15 16  2  0  0  0  0
  6 16  1  0  0  0  0
 16 17  1  0  0  0  0
 17 18  1  0  0  0  0
 18 19  2  0  0  0  0
 15 19  1  0  0  0  0
 18 20  1  0  0  0  0
M  END

