Message:
openmolecules.org MolfileCreator 1.0

 24 27  0  0  0  0  0  0  0  0999 V2000
    2.5981   -6.7500   -0.0000 C   0  0  0  0  0  0  0  0  0  0  0  0
    2.5981   -5.2500   -0.0000 N   0  0  0  0  0  0  0  0  0  0  0  0
    3.8971   -4.5000   -0.0000 C   0  0  0  0  0  0  0  0  0  0  0  0
    3.8971   -3.0000   -0.0000 C   0  0  0  0  0  0  0  0  0  0  0  0
    5.1962   -2.2500   -0.0000 C   0  0  0  0  0  0  0  0  0  0  0  0
    5.1962   -0.7500   -0.0000 C   0  0  0  0  0  0  0  0  0  0  0  0
    3.8971   -0.0000   -0.0000 N   0  0  0  0  0  0  0  0  0  0  0  0
    2.5981   -0.7500   -0.0000 C   0  0  0  0  0  0  0  0  0  0  0  0
    2.5981   -2.2500   -0.0000 C   0  0  0  0  0  0  0  0  0  0  0  0
    1.2990   -3.0000   -0.0000 C   0  0  0  0  0  0  0  0  0  0  0  0
    1.2990   -4.5000   -0.0000 C   0  0  0  0  0  0  0  0  0  0  0  0
    1.2990   -0.0000   -0.0000 S   0  0  0  0  0  0  0  0  0  0  0  0
    0.0000   -0.7500   -0.0000 C   0  0  0  0  0  0  0  0  0  0  0  0
    6.4952   -0.0000   -0.0000 C   0  0  0  0  0  0  0  0  0  0  0  0
    7.7942   -0.7500   -0.0000 N   0  0  0  0  0  0  0  0  0  0  0  0
    9.0933   -0.0000   -0.0000 C   0  0  0  0  0  0  0  0  0  0  0  0
    9.0933    1.5000   -0.0000 N   0  0  0  0  0  0  0  0  0  0  0  0
    7.7942    2.2500   -0.0000 N   0  0  0  0  0  0  0  0  0  0  0  0
    6.4952    1.5000   -0.0000 C   0  0  0  0  0  0  0  0  0  0  0  0
   10.3923   -0.7500   -0.0000 N   0  0  0  0  0  0  0  0  0  0  0  0
   10.5491   -2.2418   -0.0000 C   0  0  0  0  0  0  0  0  0  0  0  0
   12.0163   -2.5537   -0.0000 C   0  0  0  0  0  0  0  0  0  0  0  0
   12.7663   -1.2546   -0.0000 C   0  0  0  0  0  0  0  0  0  0  0  0
   11.7626   -0.1399   -0.0000 C   0  0  0  0  0  0  0  0  0  0  0  0
  1  2  1  0  0  0  0
  2  3  1  0  0  0  0
  3  4  1  0  0  0  0
  4  5  2  0  0  0  0
  5  6  1  0  0  0  0
  6  7  2  0  0  0  0
  7  8  1  0  0  0  0
  8  9  2  0  0  0  0
  4  9  1  0  0  0  0
  9 10  1  0  0  0  0
 10 11  1  0  0  0  0
  2 11  1  0  0  0  0
  8 12  1  0  0  0  0
 12 13  1  0  0  0  0
  6 14  1  0  0  0  0
 14 15  1  0  0  0  0
 15 16  2  0  0  0  0
 16 17  1  0  0  0  0
 17 18  2  0  0  0  0
 18 19  1  0  0  0  0
 14 19  2  0  0  0  0
 16 20  1  0  0  0  0
 20 21  1  0  0  0  0
 21 22  1  0  0  0  0
 22 23  1  0  0  0  0
 23 24  1  0  0  0  0
 20 24  1  0  0  0  0
M  END

