Message:
openmolecules.org MolfileCreator 1.0

 24 27  0  0  0  0  0  0  0  0999 V2000
    5.6808    2.9345   -0.0000 Br  0  0  0  0  0  0  0  0  0  0  0  0
    5.1808    2.0685   -0.0000 C   0  0  0  0  0  0  0  0  0  0  0  0
    5.6808    1.2024   -0.0000 C   0  0  0  0  0  0  0  0  0  0  0  0
    5.1808    0.3364   -0.0000 C   0  0  0  0  0  0  0  0  0  0  0  0
    4.1808    0.3364   -0.0000 C   0  0  0  0  0  0  0  0  0  0  0  0
    3.6808    1.2024   -0.0000 C   0  0  0  0  0  0  0  0  0  0  0  0
    2.7026    0.9945   -0.0000 C   0  0  0  0  0  0  0  0  0  0  0  0
    2.5981   -0.0000   -0.0000 C   0  0  0  0  0  0  0  0  0  0  0  0
    3.5116   -0.4067   -0.0000 O   0  0  0  0  0  0  0  0  0  0  0  0
    1.7321   -0.5000   -0.0000 C   0  0  0  0  0  0  0  0  0  0  0  0
    0.8660   -0.0000   -0.0000 N   0  0  0  0  0  0  0  0  0  0  0  0
    0.8660    1.0000   -0.0000 O   0  0  0  0  0  0  0  0  0  0  0  0
    1.7321   -1.5000   -0.0000 C   0  0  0  0  0  0  0  0  0  0  0  0
    1.0249   -2.2071   -0.0000 C   0  0  0  0  0  0  0  0  0  0  0  0
    1.7321   -2.9142   -0.0000 C   0  0  0  0  0  0  0  0  0  0  0  0
    2.4392   -2.2071   -0.0000 C   0  0  0  0  0  0  0  0  0  0  0  0
    1.7321   -3.9142   -0.0000 C   0  0  0  0  0  0  0  0  0  0  0  0
    0.8660   -4.4142   -0.0000 C   0  0  0  0  0  0  0  0  0  0  0  0
    0.8660   -5.4142   -0.0000 C   0  0  0  0  0  0  0  0  0  0  0  0
    1.7321   -5.9142   -0.0000 C   0  0  0  0  0  0  0  0  0  0  0  0
    2.5981   -5.4142   -0.0000 C   0  0  0  0  0  0  0  0  0  0  0  0
    2.5981   -4.4142   -0.0000 C   0  0  0  0  0  0  0  0  0  0  0  0
    2.6559   -3.2969   -0.0000 C   0  0  0  0  0  0  0  0  0  0  0  0
    4.1808    2.0685   -0.0000 C   0  0  0  0  0  0  0  0  0  0  0  0
  1  2  1  0  0  0  0
  2  3  1  0  0  0  0
  3  4  2  0  0  0  0
  4  5  1  0  0  0  0
  5  6  2  0  0  0  0
  6  7  1  0  0  0  0
  7  8  2  0  0  0  0
  8  9  1  0  0  0  0
  5  9  1  0  0  0  0
  8 10  1  0  0  0  0
 10 11  2  0  0  0  0
 11 12  1  0  0  0  0
 10 13  1  0  0  0  0
 13 14  1  0  0  0  0
 14 15  1  0  0  0  0
 15 16  1  0  0  0  0
 13 16  1  0  0  0  0
 15 17  1  0  0  0  0
 17 18  2  0  0  0  0
 18 19  1  0  0  0  0
 19 20  2  0  0  0  0
 20 21  1  0  0  0  0
 21 22  2  0  0  0  0
 17 22  1  0  0  0  0
 15 23  1  0  0  0  0
  6 24  1  0  0  0  0
  2 24  2  0  0  0  0
M  END

