Message:
openmolecules.org MolfileCreator 1.0

 54 55  0  0  0  0  0  0  0  0999 V2000
    5.5583  -21.9460   -0.0000 C   0  0  0  0  0  0  0  0  0  0  0  0
    4.0535  -21.8407   -0.0000 C   0  0  0  0  0  0  0  0  0  0  0  0
    3.4884  -23.2394   -0.0000 C   0  0  0  0  0  0  0  0  0  0  0  0
    4.6440  -24.2090   -0.0000 C   0  0  0  0  0  0  0  0  0  0  0  0
    5.9232  -23.4096   -0.0000 C   0  0  0  0  0  0  0  0  0  0  0  0
    6.5280  -20.7904   -0.0000 C   0  0  0  0  0  0  0  0  0  0  0  0
    6.0120  -19.3728   -0.0000 N   0  0  0  0  0  0  0  0  0  0  0  0
    6.9817  -18.2173   -0.0000 C   0  0  0  0  0  0  0  0  0  0  0  0
    6.4657  -16.7997   -0.0000 C   0  0  0  0  0  0  0  0  0  0  0  0
    7.4354  -15.6442   -0.0000 C   0  0  0  0  0  0  0  0  0  0  0  0
    7.1060  -14.1990   -0.0000 N   0  0  0  0  0  0  0  0  0  0  0  0
    7.8891  -13.0711   -0.0000 C   0  0  0  0  0  0  0  0  0  0  0  0
    9.3747  -13.3330   -0.0000 O   0  0  0  0  0  0  0  0  0  0  0  0
    7.3731  -11.6535   -0.0000 C   0  0  0  0  0  0  0  0  0  0  0  0
    8.3428  -10.4980   -0.0000 C   0  0  0  0  0  0  0  0  0  0  0  0
    7.8268   -9.0804   -0.0000 C   0  0  0  0  0  0  0  0  0  0  0  0
    6.3413   -8.8185   -0.0000 C   0  0  0  0  0  0  0  0  0  0  0  0
    5.3716   -9.9741   -0.0000 C   0  0  0  0  0  0  0  0  0  0  0  0
    3.8860   -9.7121   -0.0000 C   0  0  0  0  0  0  0  0  0  0  0  0
    2.9164  -10.8677   -0.0000 C   0  0  0  0  0  0  0  0  0  0  0  0
    3.4323  -12.2852   -0.0000 C   0  0  0  0  0  0  0  0  0  0  0  0
    4.9179  -12.5472   -0.0000 C   0  0  0  0  0  0  0  0  0  0  0  0
    5.8876  -11.3916   -0.0000 C   0  0  0  0  0  0  0  0  0  0  0  0
    5.4338  -13.9647   -0.0000 C   0  0  0  0  0  0  0  0  0  0  0  0
    4.4642  -15.1203   -0.0000 O   0  0  0  0  0  0  0  0  0  0  0  0
    6.5464  -14.2820   -0.0000 O   0  0  0  0  0  0  0  0  0  0  0  0
    3.3701   -8.2946   -0.0000 C   0  0  0  0  0  0  0  0  0  0  0  0
    4.3132   -6.7628   -0.0000 O   0  0  0  0  0  0  0  0  0  0  0  0
    1.8845   -8.0326   -0.0000 O   0  0  0  0  0  0  0  0  0  0  0  0
    5.8253   -7.4010   -0.0000 C   0  0  0  0  0  0  0  0  0  0  0  0
    4.5673   -7.2791   -0.0000 O   0  0  0  0  0  0  0  0  0  0  0  0
    6.7950   -6.2454   -0.0000 N   0  0  0  0  0  0  0  0  0  0  0  0
    6.2790   -4.8279   -0.0000 C   0  0  0  0  0  0  0  0  0  0  0  0
    7.2487   -3.6723   -0.0000 C   0  0  0  0  0  0  0  0  0  0  0  0
    6.7327   -2.2548   -0.0000 C   0  0  0  0  0  0  0  0  0  0  0  0
    7.7024   -1.0992   -0.0000 N   0  0  0  0  0  0  0  0  0  0  0  0
    7.1864    0.3184   -0.0000 C   0  0  0  0  0  0  0  0  0  0  0  0
    8.1561    1.4739   -0.0000 C   0  0  0  0  0  0  0  0  0  0  0  0
    7.7912    2.9376   -0.0000 C   0  0  0  0  0  0  0  0  0  0  0  0
    9.0704    3.7370   -0.0000 C   0  0  0  0  0  0  0  0  0  0  0  0
   10.2260    2.7674   -0.0000 C   0  0  0  0  0  0  0  0  0  0  0  0
    9.6609    1.3687   -0.0000 C   0  0  0  0  0  0  0  0  0  0  0  0
   13.0596  -13.0195   -0.0000 C   0  0  0  0  0  0  0  0  0  0  0  0
   12.0900  -14.1751   -0.0000 C   0  0  0  0  0  0  0  0  0  0  0  0
   12.8893  -15.4544   -0.0000 C   0  0  0  0  0  0  0  0  0  0  0  0
   14.3530  -15.0895   -0.0000 C   0  0  0  0  0  0  0  0  0  0  0  0
   14.4583  -13.5846   -0.0000 C   0  0  0  0  0  0  0  0  0  0  0  0
    8.4773  -23.0084   -0.0000 Fe  0  0  0  0  0  0  0  0  0  0  0  0
   13.0596   -8.4940   -0.0000 C   0  0  0  0  0  0  0  0  0  0  0  0
   14.0292   -7.3385   -0.0000 C   0  0  0  0  0  0  0  0  0  0  0  0
   13.2299   -6.0592   -0.0000 C   0  0  0  0  0  0  0  0  0  0  0  0
   11.7662   -6.4241   -0.0000 C   0  0  0  0  0  0  0  0  0  0  0  0
   11.6609   -7.9290   -0.0000 C   0  0  0  0  0  0  0  0  0  0  0  0
   13.0596  -10.7568   -0.0000 Fe  0  0  0  0  0  0  0  0  0  0  0  0
  1  2  1  0  0  0  0
  2  3  2  0  0  0  0
  3  4  1  0  0  0  0
  4  5  2  0  0  0  0
  1  5  1  0  0  0  0
  1  6  1  0  0  0  0
  6  7  1  0  0  0  0
  7  8  1  0  0  0  0
  8  9  1  0  0  0  0
  9 10  1  0  0  0  0
 10 11  1  0  0  0  0
 11 12  2  3  0  0  0
 12 13  1  0  0  0  0
 12 14  1  0  0  0  0
 14 15  2  0  0  0  0
 15 16  1  0  0  0  0
 16 17  2  0  0  0  0
 17 18  1  0  0  0  0
 18 19  1  0  0  0  0
 19 20  2  0  0  0  0
 20 21  1  0  0  0  0
 21 22  2  0  0  0  0
 22 23  1  0  0  0  0
 14 23  1  0  0  0  0
 18 23  2  0  0  0  0
 22 24  1  0  0  0  0
 24 25  2  0  0  0  0
 24 26  1  0  0  0  0
 19 27  1  0  0  0  0
 27 28  2  0  0  0  0
 27 29  1  0  0  0  0
 17 30  1  0  0  0  0
 30 31  1  0  0  0  0
 30 32  2  3  0  0  0
 32 33  1  0  0  0  0
 33 34  1  0  0  0  0
 34 35  1  0  0  0  0
 35 36  1  0  0  0  0
 36 37  1  0  0  0  0
 37 38  1  0  0  0  0
 38 39  1  0  0  0  0
 39 40  2  0  0  0  0
 40 41  1  0  0  0  0
 41 42  2  0  0  0  0
 38 42  1  0  0  0  0
 43 44  1  0  0  0  0
 44 45  2  0  0  0  0
 45 46  1  0  0  0  0
 46 47  2  0  0  0  0
 43 47  1  0  0  0  0
 49 50  1  0  0  0  0
 50 51  2  0  0  0  0
 51 52  1  0  0  0  0
 52 53  2  0  0  0  0
 49 53  1  0  0  0  0
M  CHG  6   1  -1  38  -1  43  -1  48   2  49  -1  54   2
M  END

