Message:
openmolecules.org MolfileCreator 1.0

 25 27  0  0  1  0  0  0  0  0999 V2000
    3.7254    5.5611   -0.0000 C   0  0  0  0  0  0  0  0  0  0  0  0
    3.3187    4.6476   -0.0000 O   0  0  0  0  0  0  0  0  0  0  0  0
    3.9064    3.8385   -0.0000 C   0  0  0  0  0  0  0  0  0  0  0  0
    3.4997    2.9250   -0.0000 C   0  0  0  0  0  0  0  0  0  0  0  0
    4.0875    2.1160   -0.0000 C   0  0  0  0  0  0  0  0  0  0  0  0
    5.0820    2.2205   -0.0000 C   0  0  0  0  0  0  0  0  0  0  0  0
    5.4887    3.1341   -0.0000 C   0  0  0  0  0  0  0  0  0  0  0  0
    4.9010    3.9431   -0.0000 C   0  0  0  0  0  0  0  0  0  0  0  0
    5.3077    4.8566   -0.0000 O   0  0  0  0  0  0  0  0  0  0  0  0
    4.7199    5.6656   -0.0000 C   0  0  0  0  0  0  0  0  0  0  0  0
    3.6808    1.2024   -0.0000 C   0  0  0  0  0  0  0  0  0  0  0  0
    2.7026    0.9945   -0.0000 N   0  0  0  0  0  0  0  0  0  0  0  0
    2.5981   -0.0000   -0.0000 C   0  0  0  0  0  0  0  0  0  0  0  0
    3.5116   -0.4067   -0.0000 C   0  0  0  0  0  0  0  0  0  0  0  0
    4.0116   -1.2728   -0.0000 C   0  0  0  0  0  0  0  0  0  0  0  0
    4.9898   -1.0649   -0.0000 N   0  0  0  0  0  0  0  0  0  0  0  0
    5.0943   -0.0703   -0.0000 C   0  0  0  0  0  0  0  0  0  0  0  0
    4.1808    0.3364   -0.0000 C   0  0  0  0  0  0  0  0  0  0  0  0
    5.9603    0.4297   -0.0000 O   0  0  0  0  0  0  0  0  0  0  0  0
    5.7329   -1.7340   -0.0000 C   0  0  0  0  0  0  0  0  0  0  0  0
    3.6049   -2.1863   -0.0000 O   0  0  0  0  0  0  0  0  0  0  0  0
    1.7321   -0.5000   -0.0000 C   0  0  0  0  0  0  0  0  0  0  0  0
    0.8660   -0.0000   -0.0000 C   0  0  0  0  0  0  0  0  0  0  0  0
    0.8660    1.0000   -0.0000 O   0  0  0  0  0  0  0  0  0  0  0  0
    0.0000   -0.5000   -0.0000 N   0  0  0  0  0  0  0  0  0  0  0  0
  1  2  1  0  0  0  0
  2  3  1  0  0  0  0
  3  4  1  0  0  0  0
  4  5  2  0  0  0  0
  5  6  1  0  0  0  0
  6  7  2  0  0  0  0
  7  8  1  0  0  0  0
  3  8  2  0  0  0  0
  8  9  1  0  0  0  0
  9 10  1  0  0  0  0
 11  5  1  1  0  0  0
 11 12  1  0  0  0  0
 13 12  1  0  0  0  0
 14 13  1  0  0  0  0
 14 15  1  6  0  0  0
 15 16  1  0  0  0  0
 16 17  1  0  0  0  0
 18 17  1  6  0  0  0
 14 18  1  0  0  0  0
 11 18  1  0  0  0  0
 17 19  2  0  0  0  0
 16 20  1  0  0  0  0
 15 21  2  0  0  0  0
 13 22  1  6  0  0  0
 22 23  1  0  0  0  0
 23 24  2  0  0  0  0
 23 25  1  0  0  0  0
M  END

