Message:
openmolecules.org MolfileCreator 1.0

  9  8  0  0  0  0  0  0  0  0999 V2000
    5.1962   -0.7500   -0.0000 C   0  0  0  0  0  0  0  0  0  0  0  0
    6.4952   -0.0000   -0.0000 C   0  0  0  0  0  0  0  0  0  0  0  0
    7.7943   -0.7500   -0.0000 C   0  0  0  0  0  0  0  0  0  0  0  0
    3.8971   -0.0000   -0.0000 S   0  0  0  0  0  0  0  0  0  0  0  0
    4.6471    1.2990   -0.0000 O   0  0  0  0  0  0  0  0  0  0  0  0
    3.1471    1.2990   -0.0000 N   0  0  0  0  0  0  0  0  0  0  0  0
    2.5981   -0.7500   -0.0000 C   0  0  0  0  0  0  0  0  0  0  0  0
    1.2990   -0.0000   -0.0000 C   0  0  0  0  0  0  0  0  0  0  0  0
    0.0000   -0.7500   -0.0000 C   0  0  0  0  0  0  0  0  0  0  0  0
  1  2  1  0  0  0  0
  2  3  1  0  0  0  0
  1  4  1  0  0  0  0
  4  5  2  0  0  0  0
  4  6  2  0  0  0  0
  4  7  1  0  0  0  0
  7  8  1  0  0  0  0
  8  9  1  0  0  0  0
M  END

