Message:
openmolecules.org MolfileCreator 1.0

 11 12  0  0  0  0  0  0  0  0999 V2000
   -0.0880    5.1478   -0.0000 N   0  0  0  0  0  0  0  0  0  0  0  0
    0.9157    4.0331   -0.0000 C   0  0  0  0  0  0  0  0  0  0  0  0
    2.3829    4.3450   -0.0000 N   0  0  0  0  0  0  0  0  0  0  0  0
    3.3866    3.2302   -0.0000 N   0  0  0  0  0  0  0  0  0  0  0  0
    2.9231    1.8037   -0.0000 C   0  0  0  0  0  0  0  0  0  0  0  0
    1.4558    1.4918   -0.0000 C   0  0  0  0  0  0  0  0  0  0  0  0
    0.4521    2.6065   -0.0000 N   0  0  0  0  0  0  0  0  0  0  0  0
    1.2990   -0.0000   -0.0000 C   0  0  0  0  0  0  0  0  0  0  0  0
    2.6694   -0.6101   -0.0000 N   0  0  0  0  0  0  0  0  0  0  0  0
    3.6731    0.5046   -0.0000 N   0  0  0  0  0  0  0  0  0  0  0  0
    0.0000   -0.7500   -0.0000 C   0  0  0  0  0  0  0  0  0  0  0  0
  1  2  1  0  0  0  0
  2  3  1  0  0  0  0
  3  4  2  0  0  0  0
  4  5  1  0  0  0  0
  5  6  2  0  0  0  0
  6  7  1  0  0  0  0
  2  7  2  0  0  0  0
  6  8  1  0  0  0  0
  8  9  2  0  0  0  0
  9 10  1  0  0  0  0
  5 10  1  0  0  0  0
  8 11  1  0  0  0  0
M  END

