Message:
openmolecules.org MolfileCreator 1.0

 46 49  0  0  0  0  0  0  0  0999 V2000
    4.3301   -0.0000   -0.0000 N   0  0  0  0  0  0  0  0  0  0  0  0
    3.4641   -0.5000   -0.0000 C   0  0  0  0  0  0  0  0  0  0  0  0
    3.4641   -1.5000   -0.0000 O   0  0  0  0  0  0  0  0  0  0  0  0
    2.5981   -0.0000   -0.0000 N   0  0  0  0  0  0  0  0  0  0  0  0
    1.7321   -0.5000   -0.0000 N   0  0  0  0  0  0  0  0  0  0  0  0
    0.8660   -0.0000   -0.0000 C   0  0  0  0  0  0  0  0  0  0  0  0
    0.8660    1.0000   -0.0000 C   0  0  0  0  0  0  0  0  0  0  0  0
    0.0000   -0.5000   -0.0000 C   0  0  0  0  0  0  0  0  0  0  0  0
   -0.8660    0.0000   -0.0000 C   0  0  0  0  0  0  0  0  0  0  0  0
   -1.7321   -0.5000   -0.0000 C   0  0  0  0  0  0  0  0  0  0  0  0
   -1.7321   -1.5000   -0.0000 C   0  0  0  0  0  0  0  0  0  0  0  0
   -0.8660   -2.0000   -0.0000 C   0  0  0  0  0  0  0  0  0  0  0  0
   -0.0000   -1.5000   -0.0000 C   0  0  0  0  0  0  0  0  0  0  0  0
   -2.5981   -2.0000   -0.0000 O   0  0  0  0  0  0  0  0  0  0  0  0
   -3.4641   -1.5000   -0.0000 C   0  0  0  0  0  0  0  0  0  0  0  0
   -4.3301   -2.0000   -0.0000 C   0  0  0  0  0  0  0  0  0  0  0  0
   -5.1962   -1.5000   -0.0000 C   0  0  0  0  0  0  0  0  0  0  0  0
   -6.0622   -2.0000   -0.0000 C   0  0  0  0  0  0  0  0  0  0  0  0
   -6.0622   -3.0000   -0.0000 C   0  0  0  0  0  0  0  0  0  0  0  0
   -5.1962   -3.5000   -0.0000 C   0  0  0  0  0  0  0  0  0  0  0  0
   -4.3301   -3.0000   -0.0000 C   0  0  0  0  0  0  0  0  0  0  0  0
   -5.1962   -4.5000   -0.0000 C   0  0  0  0  0  0  0  0  0  0  0  0
   -6.0622   -5.0000   -0.0000 O   0  0  0  0  0  0  0  0  0  0  0  0
   -6.0622   -6.0000   -0.0000 C   0  0  0  0  0  0  0  0  0  0  0  0
   -6.9282   -6.5000   -0.0000 C   0  0  0  0  0  0  0  0  0  0  0  0
   -6.9282   -7.5000   -0.0000 C   0  0  0  0  0  0  0  0  0  0  0  0
   -6.0622   -8.0000   -0.0000 C   0  0  0  0  0  0  0  0  0  0  0  0
   -5.1962   -7.5000   -0.0000 C   0  0  0  0  0  0  0  0  0  0  0  0
   -5.1962   -6.5000   -0.0000 C   0  0  0  0  0  0  0  0  0  0  0  0
   -6.0622   -9.0000   -0.0000 C   0  0  0  0  0  0  0  0  0  0  0  0
   -6.9282   -9.5000   -0.0000 C   0  0  0  0  0  0  0  0  0  0  0  0
   -5.1962   -9.5000   -0.0000 O   0  0  0  0  0  0  0  0  0  0  0  0
   -6.9282   -1.5000   -0.0000 C   0  0  0  0  0  0  0  0  0  0  0  0
   -6.9282   -0.5000   -0.0000 O   0  0  0  0  0  0  0  0  0  0  0  0
   -7.7942    0.0000   -0.0000 C   0  0  0  0  0  0  0  0  0  0  0  0
   -7.7942    1.0000   -0.0000 C   0  0  0  0  0  0  0  0  0  0  0  0
   -8.6603    1.5000   -0.0000 C   0  0  0  0  0  0  0  0  0  0  0  0
   -9.5263    1.0000   -0.0000 C   0  0  0  0  0  0  0  0  0  0  0  0
   -9.5263    0.0000   -0.0000 C   0  0  0  0  0  0  0  0  0  0  0  0
   -8.6603   -0.5000   -0.0000 C   0  0  0  0  0  0  0  0  0  0  0  0
  -10.3923    1.5000   -0.0000 C   0  0  0  0  0  0  0  0  0  0  0  0
  -10.3923    2.5000   -0.0000 C   0  0  0  0  0  0  0  0  0  0  0  0
  -11.2583    1.0000   -0.0000 O   0  0  0  0  0  0  0  0  0  0  0  0
    2.5981    1.0000   -0.0000 C   0  0  0  0  0  0  0  0  0  0  0  0
    3.4641    1.5000   -0.0000 O   0  0  0  0  0  0  0  0  0  0  0  0
    1.7321    1.5000   -0.0000 N   0  0  0  0  0  0  0  0  0  0  0  0
  1  2  1  0  0  0  0
  2  3  2  0  0  0  0
  2  4  1  0  0  0  0
  4  5  1  0  0  0  0
  5  6  2  3  0  0  0
  6  7  1  0  0  0  0
  6  8  1  0  0  0  0
  8  9  2  0  0  0  0
  9 10  1  0  0  0  0
 10 11  2  0  0  0  0
 11 12  1  0  0  0  0
 12 13  2  0  0  0  0
  8 13  1  0  0  0  0
 11 14  1  0  0  0  0
 14 15  1  0  0  0  0
 15 16  1  0  0  0  0
 16 17  2  0  0  0  0
 17 18  1  0  0  0  0
 18 19  2  0  0  0  0
 19 20  1  0  0  0  0
 20 21  2  0  0  0  0
 16 21  1  0  0  0  0
 20 22  1  0  0  0  0
 22 23  1  0  0  0  0
 23 24  1  0  0  0  0
 24 25  2  0  0  0  0
 25 26  1  0  0  0  0
 26 27  2  0  0  0  0
 27 28  1  0  0  0  0
 28 29  2  0  0  0  0
 24 29  1  0  0  0  0
 27 30  1  0  0  0  0
 30 31  1  0  0  0  0
 30 32  2  0  0  0  0
 18 33  1  0  0  0  0
 33 34  1  0  0  0  0
 34 35  1  0  0  0  0
 35 36  2  0  0  0  0
 36 37  1  0  0  0  0
 37 38  2  0  0  0  0
 38 39  1  0  0  0  0
 39 40  2  0  0  0  0
 35 40  1  0  0  0  0
 38 41  1  0  0  0  0
 41 42  1  0  0  0  0
 41 43  2  0  0  0  0
  4 44  1  0  0  0  0
 44 45  2  0  0  0  0
 44 46  1  0  0  0  0
M  END

