Message:
openmolecules.org MolfileCreator 1.0

 21 24  0  0  1  0  0  0  0  0999 V2000
    0.8660   -0.0000   -0.0000 C   0  0  0  0  0  0  0  0  0  0  0  0
    0.0000   -0.5000   -0.0000 C   0  0  0  0  0  0  0  0  0  0  0  0
   -0.1045    0.4945   -0.0000 C   0  0  0  0  0  0  0  0  0  0  0  0
   -1.0827    0.7024   -0.0000 C   0  0  0  0  0  0  0  0  0  0  0  0
   -1.5827   -0.1636   -0.0000 C   0  0  0  0  0  0  0  0  0  0  0  0
   -0.9135   -0.9067   -0.0000 C   0  0  0  0  0  0  0  0  0  0  0  0
   -1.0181   -1.9013   -0.0000 C   0  0  0  0  0  0  0  0  0  0  0  0
   -1.9316   -2.3080   -0.0000 C   0  0  0  0  0  0  0  0  0  0  0  0
   -2.0361   -3.3025   -0.0000 C   0  0  0  0  0  0  0  0  0  0  0  0
   -1.2271   -3.8903   -0.0000 C   0  0  0  0  0  0  0  0  0  0  0  0
   -1.3317   -4.8848   -0.0000 C   0  0  0  0  0  0  0  0  0  0  0  0
   -0.5226   -5.4726   -0.0000 C   0  0  0  0  0  0  0  0  0  0  0  0
    0.3909   -5.0659   -0.0000 C   0  0  0  0  0  0  0  0  0  0  0  0
    0.4954   -4.0714   -0.0000 C   0  0  0  0  0  0  0  0  0  0  0  0
   -0.3136   -3.4836   -0.0000 C   0  0  0  0  0  0  0  0  0  0  0  0
    0.6000   -3.0768   -0.0000 C   0  0  0  0  0  0  0  0  0  0  0  0
   -0.2091   -2.4890   -0.0000 C   0  0  0  0  0  0  0  0  0  0  0  0
    0.7045   -2.0823   -0.0000 C   0  0  0  0  0  0  0  0  0  0  0  0
    0.8090   -1.0878   -0.0000 C   0  0  0  0  0  0  0  0  0  0  0  0
   -0.6272   -6.4671   -0.0000 O   0  0  0  0  0  0  0  0  0  0  0  0
    0.6386    1.1637   -0.0000 O   0  0  0  0  0  0  0  0  0  0  0  0
  2  1  1  6  0  0  0
  3  2  1  0  0  0  0
  3  4  1  0  0  0  0
  4  5  1  0  0  0  0
  6  5  1  6  0  0  0
  2  6  1  0  0  0  0
  7  6  1  0  0  0  0
  7  8  1  1  0  0  0
  8  9  1  0  0  0  0
  9 10  1  0  0  0  0
 10 11  2  0  0  0  0
 12 11  1  0  0  0  0
 12 13  1  0  0  0  0
 13 14  2  0  0  0  0
 15 14  1  0  0  0  0
 10 15  1  0  0  0  0
 15 16  1  6  0  0  0
 17 15  1  0  0  0  0
  7 17  1  0  0  0  0
 17 18  1  6  0  0  0
 18 19  1  0  0  0  0
  2 19  1  0  0  0  0
 12 20  1  6  0  0  0
  3 21  1  6  0  0  0
M  END

