Message:
openmolecules.org MolfileCreator 1.0

 25 28  0  0  1  0  0  0  0  0999 V2000
    1.7321   -0.5000   -0.0000 C   0  0  0  0  0  0  0  0  0  0  0  0
    2.5981   -0.0000   -0.0000 C   0  0  0  0  0  0  0  0  0  0  0  0
    0.8660   -0.0000   -0.0000 O   0  0  0  0  0  0  0  0  0  0  0  0
    0.0000   -0.5000   -0.0000 C   0  0  0  0  0  0  0  0  0  0  0  0
   -0.8660    0.0000   -0.0000 C   0  0  0  0  0  0  0  0  0  0  0  0
   -0.8660    1.0000   -0.0000 C   0  0  0  0  0  0  0  0  0  0  0  0
   -0.1229    1.6691   -0.0000 C   0  0  0  0  0  0  0  0  0  0  0  0
   -0.5296    2.5827   -0.0000 C   0  0  0  0  0  0  0  0  0  0  0  0
   -1.5241    2.4781   -0.0000 C   0  0  0  0  0  0  0  0  0  0  0  0
   -1.7321    1.5000   -0.0000 C   0  0  0  0  0  0  0  0  0  0  0  0
   -2.5411    2.0878   -0.0000 C   0  0  0  0  0  0  0  0  0  0  0  0
   -2.5981    1.0000   -0.0000 C   0  0  0  0  0  0  0  0  0  0  0  0
   -2.5981    0.0000   -0.0000 C   0  0  0  0  0  0  0  0  0  0  0  0
   -1.7321   -0.5000   -0.0000 C   0  0  0  0  0  0  0  0  0  0  0  0
   -1.7321   -1.5000   -0.0000 C   0  0  0  0  0  0  0  0  0  0  0  0
   -2.5981   -2.0000   -0.0000 C   0  0  0  0  0  0  0  0  0  0  0  0
   -2.5981   -3.0000   -0.0000 C   0  0  0  0  0  0  0  0  0  0  0  0
   -1.7321   -3.5000   -0.0000 C   0  0  0  0  0  0  0  0  0  0  0  0
   -0.8660   -3.0000   -0.0000 C   0  0  0  0  0  0  0  0  0  0  0  0
   -0.8660   -2.0000   -0.0000 C   0  0  0  0  0  0  0  0  0  0  0  0
   -0.0000   -1.5000   -0.0000 C   0  0  0  0  0  0  0  0  0  0  0  0
    0.8660   -2.0000   -0.0000 O   0  0  0  0  0  0  0  0  0  0  0  0
   -1.7321   -4.5000   -0.0000 O   0  0  0  0  0  0  0  0  0  0  0  0
   -2.5981   -1.0000   -0.0000 C   0  0  0  0  0  0  0  0  0  0  0  0
   -2.1933    3.2213   -0.0000 O   0  0  0  0  0  0  0  0  0  0  0  0
  1  2  1  0  0  0  0
  1  3  1  0  0  0  0
  4  3  1  1  0  0  0
  5  4  1  6  0  0  0
  6  5  1  0  0  0  0
  6  7  1  1  0  0  0
  7  8  1  0  0  0  0
  8  9  1  0  0  0  0
 10  9  1  0  0  0  0
  6 10  1  0  0  0  0
 10 11  1  1  0  0  0
 10 12  1  0  0  0  0
 12 13  1  0  0  0  0
 14 13  1  1  0  0  0
  5 14  1  0  0  0  0
 15 14  1  0  0  0  0
 15 16  1  0  0  0  0
 16 17  2  0  0  0  0
 17 18  1  0  0  0  0
 18 19  1  0  0  0  0
 19 20  2  0  0  0  0
 15 20  1  0  0  0  0
 21 20  1  0  0  0  0
  4 21  1  0  0  0  0
 21 22  1  6  0  0  0
 18 23  2  0  0  0  0
 15 24  1  1  0  0  0
  9 25  2  0  0  0  0
M  END

