Message:
openmolecules.org MolfileCreator 1.0

 18 19  0  0  0  0  0  0  0  0999 V2000
    1.2990   -0.0000   -0.0000 C   0  0  0  0  0  0  0  0  0  0  0  0
    2.5981   -0.7500   -0.0000 C   0  0  0  0  0  0  0  0  0  0  0  0
    3.8971   -0.0000   -0.0000 C   0  0  0  0  0  0  0  0  0  0  0  0
    3.8971    1.5000   -0.0000 C   0  0  0  0  0  0  0  0  0  0  0  0
    2.5981    2.2500   -0.0000 C   0  0  0  0  0  0  0  0  0  0  0  0
    1.2990    1.5000   -0.0000 C   0  0  0  0  0  0  0  0  0  0  0  0
    2.5981   -2.2500   -0.0000 C   0  0  0  0  0  0  0  0  0  0  0  0
    2.5981   -3.7500   -0.0000 C   0  0  0  0  0  0  0  0  0  0  0  0
    2.5981   -5.2500   -0.0000 S   0  0  0  0  0  0  0  0  0  0  0  0
    1.8481   -6.5490   -0.0000 O   0  0  0  0  0  0  0  0  0  0  0  0
    3.3481   -6.5490   -0.0000 O   0  0  0  0  0  0  0  0  0  0  0  0
    1.1492   -4.8618   -0.0000 C   0  0  0  0  0  0  0  0  0  0  0  0
    0.7610   -3.4129   -0.0000 C   0  0  0  0  0  0  0  0  0  0  0  0
   -0.6879   -3.0246   -0.0000 C   0  0  0  0  0  0  0  0  0  0  0  0
   -1.7486   -4.0853   -0.0000 C   0  0  0  0  0  0  0  0  0  0  0  0
   -1.3604   -5.5342   -0.0000 C   0  0  0  0  0  0  0  0  0  0  0  0
    0.0885   -5.9224   -0.0000 C   0  0  0  0  0  0  0  0  0  0  0  0
    0.0000   -0.7500   -0.0000 C   0  0  0  0  0  0  0  0  0  0  0  0
  1  2  2  0  0  0  0
  2  3  1  0  0  0  0
  3  4  2  0  0  0  0
  4  5  1  0  0  0  0
  5  6  2  0  0  0  0
  1  6  1  0  0  0  0
  2  7  1  0  0  0  0
  7  8  3  0  0  0  0
  8  9  1  0  0  0  0
  9 10  2  0  0  0  0
  9 11  2  0  0  0  0
  9 12  1  0  0  0  0
 12 13  2  0  0  0  0
 13 14  1  0  0  0  0
 14 15  2  0  0  0  0
 15 16  1  0  0  0  0
 16 17  2  0  0  0  0
 12 17  1  0  0  0  0
  1 18  1  0  0  0  0
M  END

