Message:
openmolecules.org MolfileCreator 1.0

 21 22  0  0  0  0  0  0  0  0999 V2000
    4.3092   -0.7319   -0.0000 C   0  0  0  0  0  0  0  0  0  0  0  0
    4.2047    0.2626   -0.0000 C   0  0  0  0  0  0  0  0  0  0  0  0
    5.3038   -0.6274   -0.0000 C   0  0  0  0  0  0  0  0  0  0  0  0
    4.4138   -1.7264   -0.0000 C   0  0  0  0  0  0  0  0  0  0  0  0
    3.3147   -0.8364   -0.0000 N   0  0  0  0  0  0  0  0  0  0  0  0
    2.6456   -0.0933   -0.0000 C   0  0  0  0  0  0  0  0  0  0  0  0
    1.7321   -0.5000   -0.0000 C   0  0  0  0  0  0  0  0  0  0  0  0
    1.8366   -1.4945   -0.0000 C   0  0  0  0  0  0  0  0  0  0  0  0
    2.8147   -1.7024   -0.0000 C   0  0  0  0  0  0  0  0  0  0  0  0
    1.0934   -2.1637   -0.0000 O   0  0  0  0  0  0  0  0  0  0  0  0
    0.8660   -0.0000   -0.0000 C   0  0  0  0  0  0  0  0  0  0  0  0
    0.8660    1.0000   -0.0000 C   0  0  0  0  0  0  0  0  0  0  0  0
   -0.0000    1.5000   -0.0000 C   0  0  0  0  0  0  0  0  0  0  0  0
   -0.0000    2.5000   -0.0000 C   0  0  0  0  0  0  0  0  0  0  0  0
    0.8660    3.0000   -0.0000 C   0  0  0  0  0  0  0  0  0  0  0  0
    1.7321    2.5000   -0.0000 C   0  0  0  0  0  0  0  0  0  0  0  0
    1.7321    1.5000   -0.0000 C   0  0  0  0  0  0  0  0  0  0  0  0
   -0.8660    1.0000   -0.0000 O   0  0  0  0  0  0  0  0  0  0  0  0
   -1.7321    1.5000   -0.0000 C   0  0  0  0  0  0  0  0  0  0  0  0
    0.0000   -0.5000   -0.0000 O   0  0  0  0  0  0  0  0  0  0  0  0
    2.8535    0.8849   -0.0000 O   0  0  0  0  0  0  0  0  0  0  0  0
  1  2  1  0  0  0  0
  1  3  1  0  0  0  0
  1  4  1  0  0  0  0
  1  5  1  0  0  0  0
  5  6  1  0  0  0  0
  6  7  1  0  0  0  0
  7  8  1  0  0  0  0
  8  9  1  0  0  0  0
  5  9  1  0  0  0  0
  8 10  2  0  0  0  0
  7 11  2  3  0  0  0
 11 12  1  0  0  0  0
 12 13  2  0  0  0  0
 13 14  1  0  0  0  0
 14 15  2  0  0  0  0
 15 16  1  0  0  0  0
 16 17  2  0  0  0  0
 12 17  1  0  0  0  0
 13 18  1  0  0  0  0
 18 19  1  0  0  0  0
 11 20  1  0  0  0  0
  6 21  2  0  0  0  0
M  END

