Message:
openmolecules.org MolfileCreator 1.0

 31 32  0  0  1  0  0  0  0  0999 V2000
    3.8971   -4.5000   -0.0000 Si  0  0  0  0  0  0  0  0  0  0  0  0
    5.3971   -4.5000   -0.0000 C   0  0  0  0  0  0  0  0  0  0  0  0
    4.6471   -5.7990   -0.0000 C   0  0  0  0  0  0  0  0  0  0  0  0
    2.5981   -5.2500   -0.0000 C   0  0  0  0  0  0  0  0  0  0  0  0
    1.8481   -3.9510   -0.0000 C   0  0  0  0  0  0  0  0  0  0  0  0
    1.2990   -6.0000   -0.0000 C   0  0  0  0  0  0  0  0  0  0  0  0
    3.3481   -6.5491   -0.0000 C   0  0  0  0  0  0  0  0  0  0  0  0
    3.8971   -3.0000   -0.0000 O   0  0  0  0  0  0  0  0  0  0  0  0
    5.1962   -2.2500   -0.0000 C   0  0  0  0  0  0  0  0  0  0  0  0
    6.4952   -3.0000   -0.0000 C   0  0  0  0  0  0  0  0  0  0  0  0
    7.7943   -2.2500   -0.0000 C   0  0  0  0  0  0  0  0  0  0  0  0
    7.7943   -0.7500   -0.0000 C   0  0  0  0  0  0  0  0  0  0  0  0
    6.4952    0.0000   -0.0000 O   0  0  0  0  0  0  0  0  0  0  0  0
    5.1962   -0.7500   -0.0000 C   0  0  0  0  0  0  0  0  0  0  0  0
    3.8971   -0.0000   -0.0000 C   0  0  0  0  0  0  0  0  0  0  0  0
    2.5981   -0.7500   -0.0000 O   0  0  0  0  0  0  0  0  0  0  0  0
    1.2990   -0.0000   -0.0000 Si  0  0  0  0  0  0  0  0  0  0  0  0
    2.0490    1.2990   -0.0000 C   0  0  0  0  0  0  0  0  0  0  0  0
    0.5490    1.2990   -0.0000 C   0  0  0  0  0  0  0  0  0  0  0  0
    0.0000   -0.7500   -0.0000 C   0  0  0  0  0  0  0  0  0  0  0  0
    0.7500   -2.0490   -0.0000 C   0  0  0  0  0  0  0  0  0  0  0  0
   -1.2990   -1.5000   -0.0000 C   0  0  0  0  0  0  0  0  0  0  0  0
   -0.7500    0.5490   -0.0000 C   0  0  0  0  0  0  0  0  0  0  0  0
    9.0933    0.0000   -0.0000 C   0  0  0  0  0  0  0  0  0  0  0  0
   10.3923   -0.7500   -0.0000 C   0  0  0  0  0  0  0  0  0  0  0  0
   11.6914    0.0000   -0.0000 C   0  0  0  0  0  0  0  0  0  0  0  0
   11.6914    1.5000   -0.0000 C   0  0  0  0  0  0  0  0  0  0  0  0
   10.3923    2.2500   -0.0000 C   0  0  0  0  0  0  0  0  0  0  0  0
    9.0933    1.5000   -0.0000 C   0  0  0  0  0  0  0  0  0  0  0  0
    9.0933   -3.0000   -0.0000 O   0  0  0  0  0  0  0  0  0  0  0  0
    6.4952   -4.5000   -0.0000 O   0  0  0  0  0  0  0  0  0  0  0  0
  1  2  1  0  0  0  0
  1  3  1  0  0  0  0
  1  4  1  0  0  0  0
  4  5  1  0  0  0  0
  4  6  1  0  0  0  0
  4  7  1  0  0  0  0
  1  8  1  0  0  0  0
  9  8  1  6  0  0  0
 10  9  1  0  0  0  0
 11 10  1  0  0  0  0
 12 11  1  0  0  0  0
 12 13  1  0  0  0  0
 14 13  1  0  0  0  0
  9 14  1  0  0  0  0
 14 15  1  1  0  0  0
 15 16  1  0  0  0  0
 16 17  1  0  0  0  0
 17 18  1  0  0  0  0
 17 19  1  0  0  0  0
 17 20  1  0  0  0  0
 20 21  1  0  0  0  0
 20 22  1  0  0  0  0
 20 23  1  0  0  0  0
 12 24  1  1  0  0  0
 24 25  2  0  0  0  0
 25 26  1  0  0  0  0
 26 27  2  0  0  0  0
 27 28  1  0  0  0  0
 28 29  2  0  0  0  0
 24 29  1  0  0  0  0
 11 30  1  6  0  0  0
 10 31  1  6  0  0  0
M  END

