Message:
openmolecules.org MolfileCreator 1.0

 16 17  0  0  0  0  0  0  0  0999 V2000
   -3.0981    0.6340   -0.0000 C   0  0  0  0  0  0  0  0  0  0  0  0
   -2.5981    1.5000   -0.0000 Si  0  0  0  0  0  0  0  0  0  0  0  0
   -1.7321    1.0000   -0.0000 C   0  0  0  0  0  0  0  0  0  0  0  0
   -0.8660    0.5000   -0.0000 C   0  0  0  0  0  0  0  0  0  0  0  0
    0.0000   -0.0000   -0.0000 C   0  0  0  0  0  0  0  0  0  0  0  0
    0.0000   -1.0000   -0.0000 C   0  0  0  0  0  0  0  0  0  0  0  0
   -0.8660   -1.5000   -0.0000 C   0  0  0  0  0  0  0  0  0  0  0  0
   -0.8660   -2.5000   -0.0000 C   0  0  0  0  0  0  0  0  0  0  0  0
    0.0000   -3.0000   -0.0000 C   0  0  0  0  0  0  0  0  0  0  0  0
    0.8660   -2.5000   -0.0000 C   0  0  0  0  0  0  0  0  0  0  0  0
    0.8660   -1.5000   -0.0000 C   0  0  0  0  0  0  0  0  0  0  0  0
    1.7321   -1.0000   -0.0000 C   0  0  0  0  0  0  0  0  0  0  0  0
    1.7321    0.0000   -0.0000 C   0  0  0  0  0  0  0  0  0  0  0  0
    0.8660    0.5000   -0.0000 C   0  0  0  0  0  0  0  0  0  0  0  0
   -3.4641    2.0000   -0.0000 C   0  0  0  0  0  0  0  0  0  0  0  0
   -2.0981    2.3660   -0.0000 C   0  0  0  0  0  0  0  0  0  0  0  0
  1  2  1  0  0  0  0
  2  3  1  0  0  0  0
  3  4  3  0  0  0  0
  4  5  1  0  0  0  0
  5  6  2  0  0  0  0
  6  7  1  0  0  0  0
  7  8  2  0  0  0  0
  8  9  1  0  0  0  0
  9 10  2  0  0  0  0
 10 11  1  0  0  0  0
  6 11  1  0  0  0  0
 11 12  2  0  0  0  0
 12 13  1  0  0  0  0
 13 14  2  0  0  0  0
  5 14  1  0  0  0  0
  2 15  1  0  0  0  0
  2 16  1  0  0  0  0
M  END

