Message:
openmolecules.org MolfileCreator 1.0

 20 20  0  0  0  0  0  0  0  0999 V2000
    2.8633   -2.5238   -0.0000 C   0  0  0  0  0  0  0  0  0  0  0  0
    3.6065   -1.8546   -0.0000 O   0  0  0  0  0  0  0  0  0  0  0  0
    4.5575   -2.1637   -0.0000 C   0  0  0  0  0  0  0  0  0  0  0  0
    4.7654   -3.1418   -0.0000 O   0  0  0  0  0  0  0  0  0  0  0  0
    5.3007   -1.4945   -0.0000 N   0  0  0  0  0  0  0  0  0  0  0  0
    6.2788   -1.7024   -0.0000 C   0  0  0  0  0  0  0  0  0  0  0  0
    6.7788   -0.8364   -0.0000 C   0  0  0  0  0  0  0  0  0  0  0  0
    6.1097   -0.0933   -0.0000 C   0  0  0  0  0  0  0  0  0  0  0  0
    5.1962   -0.5000   -0.0000 C   0  0  0  0  0  0  0  0  0  0  0  0
    4.3301   -0.0000   -0.0000 N   0  0  0  0  0  0  0  0  0  0  0  0
    3.4641   -0.5000   -0.0000 N   0  0  0  0  0  0  0  0  0  0  0  0
    2.5981   -0.0000   -0.0000 C   0  0  0  0  0  0  0  0  0  0  0  0
    2.5981    1.0000   -0.0000 O   0  0  0  0  0  0  0  0  0  0  0  0
    1.7321   -0.5000   -0.0000 O   0  0  0  0  0  0  0  0  0  0  0  0
    0.8660   -0.0000   -0.0000 C   0  0  0  0  0  0  0  0  0  0  0  0
    0.0000   -0.5000   -0.0000 C   0  0  0  0  0  0  0  0  0  0  0  0
    7.7734   -0.7319   -0.0000 C   0  0  0  0  0  0  0  0  0  0  0  0
    8.1801    0.1817   -0.0000 O   0  0  0  0  0  0  0  0  0  0  0  0
    8.3611   -1.5409   -0.0000 O   0  0  0  0  0  0  0  0  0  0  0  0
    9.3557   -1.4364   -0.0000 C   0  0  0  0  0  0  0  0  0  0  0  0
  1  2  1  0  0  0  0
  2  3  1  0  0  0  0
  3  4  2  0  0  0  0
  3  5  1  0  0  0  0
  5  6  1  0  0  0  0
  6  7  1  0  0  0  0
  7  8  1  0  0  0  0
  8  9  1  0  0  0  0
  5  9  1  0  0  0  0
  9 10  2  3  0  0  0
 10 11  1  0  0  0  0
 11 12  1  0  0  0  0
 12 13  2  0  0  0  0
 12 14  1  0  0  0  0
 14 15  1  0  0  0  0
 15 16  1  0  0  0  0
  7 17  1  0  0  0  0
 17 18  2  0  0  0  0
 17 19  1  0  0  0  0
 19 20  1  0  0  0  0
M  END

