Message:
openmolecules.org MolfileCreator 1.0

 10 11  0  0  0  0  0  0  0  0999 V2000
    1.2990   -0.0000   -0.0000 C   0  0  0  0  0  0  0  0  0  0  0  0
    0.0000   -0.7500   -0.0000 C   0  0  0  0  0  0  0  0  0  0  0  0
   -1.3703   -0.1399   -0.0000 N   0  0  0  0  0  0  0  0  0  0  0  0
   -2.3740   -1.2546   -0.0000 N   0  0  0  0  0  0  0  0  0  0  0  0
   -1.6240   -2.5537   -0.0000 C   0  0  0  0  0  0  0  0  0  0  0  0
   -0.1568   -2.2418   -0.0000 C   0  0  0  0  0  0  0  0  0  0  0  0
    0.8469   -3.3565   -0.0000 N   0  0  0  0  0  0  0  0  0  0  0  0
    0.3834   -4.7831   -0.0000 C   0  0  0  0  0  0  0  0  0  0  0  0
   -1.0838   -5.0950   -0.0000 N   0  0  0  0  0  0  0  0  0  0  0  0
   -2.0875   -3.9802   -0.0000 N   0  0  0  0  0  0  0  0  0  0  0  0
  1  2  1  0  0  0  0
  2  3  2  0  0  0  0
  3  4  1  0  0  0  0
  4  5  1  0  0  0  0
  5  6  2  0  0  0  0
  2  6  1  0  0  0  0
  6  7  1  0  0  0  0
  7  8  2  0  0  0  0
  8  9  1  0  0  0  0
  9 10  2  0  0  0  0
  5 10  1  0  0  0  0
M  END

