Message:
openmolecules.org MolfileCreator 1.0

 31 36  0  0  0  0  0  0  0  0999 V2000
    4.8301    0.8660   -0.0000 O   0  0  0  0  0  0  0  0  0  0  0  0
    4.3301   -0.0000   -0.0000 C   0  0  0  0  0  0  0  0  0  0  0  0
    5.3301   -0.0000   -0.0000 C   0  0  0  0  0  0  0  0  0  0  0  0
    3.4641   -0.5000   -0.0000 C   0  0  0  0  0  0  0  0  0  0  0  0
    2.5981   -0.0000   -0.0000 O   0  0  0  0  0  0  0  0  0  0  0  0
    1.7321   -0.5000   -0.0000 N   0  0  0  0  0  0  0  0  0  0  0  0
    0.8660   -0.0000   -0.0000 C   0  0  0  0  0  0  0  0  0  0  0  0
    0.8660    1.0000   -0.0000 C   0  0  0  0  0  0  0  0  0  0  0  0
    1.6750    1.5878   -0.0000 C   0  0  0  0  0  0  0  0  0  0  0  0
    1.3660    2.5388   -0.0000 C   0  0  0  0  0  0  0  0  0  0  0  0
    0.3660    2.5388   -0.0000 C   0  0  0  0  0  0  0  0  0  0  0  0
    0.0570    1.5878   -0.0000 O   0  0  0  0  0  0  0  0  0  0  0  0
   -0.1340    3.4049   -0.0000 C   0  0  0  0  0  0  0  0  0  0  0  0
    0.3660    4.2709   -0.0000 C   0  0  0  0  0  0  0  0  0  0  0  0
    1.3660    4.2709   -0.0000 C   0  0  0  0  0  0  0  0  0  0  0  0
    1.8660    5.1369   -0.0000 C   0  0  0  0  0  0  0  0  0  0  0  0
    2.8660    5.1369   -0.0000 C   0  0  0  0  0  0  0  0  0  0  0  0
    3.3660    4.2709   -0.0000 C   0  0  0  0  0  0  0  0  0  0  0  0
    2.8660    3.4049   -0.0000 C   0  0  0  0  0  0  0  0  0  0  0  0
    1.8660    3.4049   -0.0000 C   0  0  0  0  0  0  0  0  0  0  0  0
    0.0000   -0.5000   -0.0000 C   0  0  0  0  0  0  0  0  0  0  0  0
   -0.9659   -0.2412   -0.0000 C   0  0  0  0  0  0  0  0  0  0  0  0
   -1.2247   -1.2071   -0.0000 C   0  0  0  0  0  0  0  0  0  0  0  0
   -0.2588   -1.4659   -0.0000 C   0  0  0  0  0  0  0  0  0  0  0  0
   -2.0908   -1.7071   -0.0000 C   0  0  0  0  0  0  0  0  0  0  0  0
   -2.9568   -1.2071   -0.0000 C   0  0  0  0  0  0  0  0  0  0  0  0
   -3.8228   -1.7071   -0.0000 C   0  0  0  0  0  0  0  0  0  0  0  0
   -3.8228   -2.7071   -0.0000 C   0  0  0  0  0  0  0  0  0  0  0  0
   -2.9568   -3.2071   -0.0000 C   0  0  0  0  0  0  0  0  0  0  0  0
   -2.0908   -2.7071   -0.0000 C   0  0  0  0  0  0  0  0  0  0  0  0
   -1.0942   -2.1986   -0.0000 C   0  0  0  0  0  0  0  0  0  0  0  0
  1  2  1  0  0  0  0
  2  3  1  0  0  0  0
  1  3  1  0  0  0  0
  2  4  1  0  0  0  0
  4  5  1  0  0  0  0
  5  6  1  0  0  0  0
  6  7  2  0  0  0  0
  7  8  1  0  0  0  0
  8  9  2  0  0  0  0
  9 10  1  0  0  0  0
 10 11  2  0  0  0  0
 11 12  1  0  0  0  0
  8 12  1  0  0  0  0
 11 13  1  0  0  0  0
 13 14  2  0  0  0  0
 14 15  1  0  0  0  0
 15 16  2  0  0  0  0
 16 17  1  0  0  0  0
 17 18  2  0  0  0  0
 18 19  1  0  0  0  0
 19 20  2  0  0  0  0
 15 20  1  0  0  0  0
 10 20  1  0  0  0  0
  7 21  1  0  0  0  0
 21 22  1  0  0  0  0
 22 23  1  0  0  0  0
 23 24  1  0  0  0  0
 21 24  1  0  0  0  0
 23 25  1  0  0  0  0
 25 26  2  0  0  0  0
 26 27  1  0  0  0  0
 27 28  2  0  0  0  0
 28 29  1  0  0  0  0
 29 30  2  0  0  0  0
 25 30  1  0  0  0  0
 23 31  1  0  0  0  0
M  END

