Message:
openmolecules.org MolfileCreator 1.0

 25 27  0  0  0  0  0  0  0  0999 V2000
    5.8147   -1.7024   -0.0000 C   0  0  0  0  0  0  0  0  0  0  0  0
    5.8147   -0.7024   -0.0000 C   0  0  0  0  0  0  0  0  0  0  0  0
    6.8147   -1.7024   -0.0000 C   0  0  0  0  0  0  0  0  0  0  0  0
    5.8147   -2.7024   -0.0000 C   0  0  0  0  0  0  0  0  0  0  0  0
    4.8147   -1.7024   -0.0000 C   0  0  0  0  0  0  0  0  0  0  0  0
    4.3147   -2.5685   -0.0000 C   0  0  0  0  0  0  0  0  0  0  0  0
    3.3147   -2.5685   -0.0000 C   0  0  0  0  0  0  0  0  0  0  0  0
    2.8147   -1.7024   -0.0000 C   0  0  0  0  0  0  0  0  0  0  0  0
    3.3147   -0.8364   -0.0000 C   0  0  0  0  0  0  0  0  0  0  0  0
    2.6456   -0.0933   -0.0000 N   0  0  0  0  0  0  0  0  0  0  0  0
    1.7321   -0.5000   -0.0000 C   0  0  0  0  0  0  0  0  0  0  0  0
    1.8366   -1.4945   -0.0000 O   0  0  0  0  0  0  0  0  0  0  0  0
    0.8660   -0.0000   -0.0000 C   0  0  0  0  0  0  0  0  0  0  0  0
    0.8660    1.0000   -0.0000 O   0  0  0  0  0  0  0  0  0  0  0  0
    0.0000   -0.5000   -0.0000 C   0  0  0  0  0  0  0  0  0  0  0  0
   -0.8660    0.0000   -0.0000 C   0  0  0  0  0  0  0  0  0  0  0  0
   -1.7321   -0.5000   -0.0000 C   0  0  0  0  0  0  0  0  0  0  0  0
   -1.7321   -1.5000   -0.0000 C   0  0  0  0  0  0  0  0  0  0  0  0
   -0.8660   -2.0000   -0.0000 C   0  0  0  0  0  0  0  0  0  0  0  0
   -0.0000   -1.5000   -0.0000 C   0  0  0  0  0  0  0  0  0  0  0  0
    4.3147   -0.8364   -0.0000 C   0  0  0  0  0  0  0  0  0  0  0  0
    2.8147   -3.4345   -0.0000 C   0  0  0  0  0  0  0  0  0  0  0  0
    3.6808   -3.9345   -0.0000 C   0  0  0  0  0  0  0  0  0  0  0  0
    2.3147   -4.3005   -0.0000 C   0  0  0  0  0  0  0  0  0  0  0  0
    1.9487   -2.9345   -0.0000 C   0  0  0  0  0  0  0  0  0  0  0  0
  1  2  1  0  0  0  0
  1  3  1  0  0  0  0
  1  4  1  0  0  0  0
  1  5  1  0  0  0  0
  5  6  1  0  0  0  0
  6  7  2  0  0  0  0
  7  8  1  0  0  0  0
  8  9  2  0  0  0  0
  9 10  1  0  0  0  0
 10 11  2  0  0  0  0
 11 12  1  0  0  0  0
  8 12  1  0  0  0  0
 11 13  1  0  0  0  0
 13 14  1  0  0  0  0
 13 15  1  0  0  0  0
 15 16  2  0  0  0  0
 16 17  1  0  0  0  0
 17 18  2  0  0  0  0
 18 19  1  0  0  0  0
 19 20  2  0  0  0  0
 15 20  1  0  0  0  0
  9 21  1  0  0  0  0
  5 21  2  0  0  0  0
  7 22  1  0  0  0  0
 22 23  1  0  0  0  0
 22 24  1  0  0  0  0
 22 25  1  0  0  0  0
M  END

