Message:
openmolecules.org MolfileCreator 1.0

 34 36  0  0  0  0  0  0  0  0999 V2000
    7.7942    2.2500   -0.0000 C   0  0  0  0  0  0  0  0  0  0  0  0
    6.4952    1.5000   -0.0000 O   0  0  0  0  0  0  0  0  0  0  0  0
    6.4952   -0.0000   -0.0000 C   0  0  0  0  0  0  0  0  0  0  0  0
    5.1962   -0.7500   -0.0000 C   0  0  0  0  0  0  0  0  0  0  0  0
    5.1962   -2.2500   -0.0000 C   0  0  0  0  0  0  0  0  0  0  0  0
    6.4952   -3.0000   -0.0000 C   0  0  0  0  0  0  0  0  0  0  0  0
    7.7942   -2.2500   -0.0000 C   0  0  0  0  0  0  0  0  0  0  0  0
    9.0933   -3.0000   -0.0000 C   0  0  0  0  0  0  0  0  0  0  0  0
   10.3923   -2.2500   -0.0000 C   0  0  0  0  0  0  0  0  0  0  0  0
   11.6914   -3.0000   -0.0000 C   0  0  0  0  0  0  0  0  0  0  0  0
   12.9904   -2.2500   -0.0000 C   0  0  0  0  0  0  0  0  0  0  0  0
   12.9904   -0.7500   -0.0000 C   0  0  0  0  0  0  0  0  0  0  0  0
   11.6914   -0.0000   -0.0000 C   0  0  0  0  0  0  0  0  0  0  0  0
   10.3923   -0.7500   -0.0000 C   0  0  0  0  0  0  0  0  0  0  0  0
    9.0933   -0.0000   -0.0000 C   0  0  0  0  0  0  0  0  0  0  0  0
    7.7942   -0.7500   -0.0000 C   0  0  0  0  0  0  0  0  0  0  0  0
    9.0933    1.5000   -0.0000 O   0  0  0  0  0  0  0  0  0  0  0  0
    9.0933   -4.5000   -0.0000 O   0  0  0  0  0  0  0  0  0  0  0  0
    6.4952   -4.5000   -0.0000 O   0  0  0  0  0  0  0  0  0  0  0  0
    7.7942   -5.2500   -0.0000 C   0  0  0  0  0  0  0  0  0  0  0  0
    3.8971   -3.0000   -0.0000 C   0  0  0  0  0  0  0  0  0  0  0  0
    3.8971   -4.5000   -0.0000 C   0  0  0  0  0  0  0  0  0  0  0  0
    4.6471   -5.7990   -0.0000 C   0  0  0  0  0  0  0  0  0  0  0  0
    5.3971   -4.5000   -0.0000 C   0  0  0  0  0  0  0  0  0  0  0  0
    2.5981   -5.2500   -0.0000 N   0  0  0  0  0  0  0  0  0  0  0  0
    1.2990   -4.5000   -0.0000 O   0  0  0  0  0  0  0  0  0  0  0  0
    2.5981   -6.7500   -0.0000 O   0  0  0  0  0  0  0  0  0  0  0  0
    3.8971   -0.0000   -0.0000 C   0  0  0  0  0  0  0  0  0  0  0  0
    3.8971    1.5000   -0.0000 C   0  0  0  0  0  0  0  0  0  0  0  0
    4.6471    2.7990   -0.0000 C   0  0  0  0  0  0  0  0  0  0  0  0
    2.5981    2.2500   -0.0000 N   0  0  0  0  0  0  0  0  0  0  0  0
    1.2990    1.5000   -0.0000 O   0  0  0  0  0  0  0  0  0  0  0  0
    2.5981    3.7500   -0.0000 O   0  0  0  0  0  0  0  0  0  0  0  0
    5.3971    1.5000   -0.0000 C   0  0  0  0  0  0  0  0  0  0  0  0
  1  2  1  0  0  0  0
  2  3  1  0  0  0  0
  3  4  2  0  0  0  0
  4  5  1  0  0  0  0
  5  6  2  0  0  0  0
  6  7  1  0  0  0  0
  7  8  1  0  0  0  0
  8  9  1  0  0  0  0
  9 10  2  0  0  0  0
 10 11  1  0  0  0  0
 11 12  2  0  0  0  0
 12 13  1  0  0  0  0
 13 14  2  0  0  0  0
  9 14  1  0  0  0  0
 14 15  1  0  0  0  0
 15 16  1  0  0  0  0
  3 16  1  0  0  0  0
  7 16  2  0  0  0  0
 15 17  2  0  0  0  0
  8 18  2  0  0  0  0
  6 19  1  0  0  0  0
 19 20  1  0  0  0  0
  5 21  1  0  0  0  0
 21 22  1  0  0  0  0
 22 23  1  0  0  0  0
 22 24  1  0  0  0  0
 22 25  1  0  0  0  0
 25 26  2  0  0  0  0
 25 27  1  0  0  0  0
  4 28  1  0  0  0  0
 28 29  1  0  0  0  0
 29 30  1  0  0  0  0
 29 31  1  0  0  0  0
 31 32  2  0  0  0  0
 31 33  1  0  0  0  0
 29 34  1  0  0  0  0
M  CHG  4  25   1  27  -1  31   1  33  -1
M  END

