Message:
openmolecules.org MolfileCreator 1.0

 24 27  0  0  1  0  0  0  0  0999 V2000
    1.7321   -0.5000   -0.0000 C   0  0  0  0  0  0  0  0  0  0  0  0
    2.5981   -0.0000   -0.0000 C   0  0  0  0  0  0  0  0  0  0  0  0
    0.8660   -0.0000   -0.0000 O   0  0  0  0  0  0  0  0  0  0  0  0
    0.0000   -0.5000   -0.0000 C   0  0  0  0  0  0  0  0  0  0  0  0
   -0.8660    0.0000   -0.0000 C   0  0  0  0  0  0  0  0  0  0  0  0
   -1.7321   -0.5000   -0.0000 C   0  0  0  0  0  0  0  0  0  0  0  0
   -1.7321   -1.5000   -0.0000 C   0  0  0  0  0  0  0  0  0  0  0  0
   -2.5981   -2.0000   -0.0000 C   0  0  0  0  0  0  0  0  0  0  0  0
   -2.5981   -3.0000   -0.0000 C   0  0  0  0  0  0  0  0  0  0  0  0
   -1.7321   -3.5000   -0.0000 C   0  0  0  0  0  0  0  0  0  0  0  0
   -1.7321   -4.5000   -0.0000 C   0  0  0  0  0  0  0  0  0  0  0  0
   -2.4752   -5.1691   -0.0000 C   0  0  0  0  0  0  0  0  0  0  0  0
   -2.0685   -6.0827   -0.0000 C   0  0  0  0  0  0  0  0  0  0  0  0
   -1.0739   -5.9781   -0.0000 C   0  0  0  0  0  0  0  0  0  0  0  0
   -0.8660   -5.0000   -0.0000 C   0  0  0  0  0  0  0  0  0  0  0  0
   -0.0570   -5.5878   -0.0000 C   0  0  0  0  0  0  0  0  0  0  0  0
   -0.0000   -4.5000   -0.0000 C   0  0  0  0  0  0  0  0  0  0  0  0
   -0.0000   -3.5000   -0.0000 C   0  0  0  0  0  0  0  0  0  0  0  0
   -0.8660   -3.0000   -0.0000 C   0  0  0  0  0  0  0  0  0  0  0  0
   -0.8660   -2.0000   -0.0000 C   0  0  0  0  0  0  0  0  0  0  0  0
   -0.0000   -1.5000   -0.0000 C   0  0  0  0  0  0  0  0  0  0  0  0
   -0.0000   -2.5000   -0.0000 C   0  0  0  0  0  0  0  0  0  0  0  0
   -0.4048   -6.7213   -0.0000 O   0  0  0  0  0  0  0  0  0  0  0  0
   -0.8660    1.0000   -0.0000 O   0  0  0  0  0  0  0  0  0  0  0  0
  1  2  1  0  0  0  0
  1  3  1  0  0  0  0
  3  4  1  0  0  0  0
  4  5  1  0  0  0  0
  5  6  1  0  0  0  0
  6  7  2  0  0  0  0
  7  8  1  0  0  0  0
  8  9  2  0  0  0  0
 10  9  1  6  0  0  0
 11 10  1  0  0  0  0
 11 12  1  1  0  0  0
 12 13  1  0  0  0  0
 13 14  1  0  0  0  0
 15 14  1  0  0  0  0
 11 15  1  0  0  0  0
 15 16  1  1  0  0  0
 15 17  1  0  0  0  0
 17 18  1  0  0  0  0
 19 18  1  1  0  0  0
 10 19  1  0  0  0  0
 20 19  1  0  0  0  0
  7 20  1  0  0  0  0
 20 21  1  0  0  0  0
  4 21  2  0  0  0  0
 20 22  1  1  0  0  0
 14 23  2  0  0  0  0
  5 24  2  0  0  0  0
M  END

