Message:
openmolecules.org MolfileCreator 1.0

 23 25  0  0  0  0  0  0  0  0999 V2000
    3.9487    2.9345   -0.0000 C   0  0  0  0  0  0  0  0  0  0  0  0
    3.0827    3.4345   -0.0000 C   0  0  0  0  0  0  0  0  0  0  0  0
    4.4487    3.8005   -0.0000 C   0  0  0  0  0  0  0  0  0  0  0  0
    4.8147    2.4345   -0.0000 C   0  0  0  0  0  0  0  0  0  0  0  0
    3.4487    2.0685   -0.0000 C   0  0  0  0  0  0  0  0  0  0  0  0
    3.9487    1.2024   -0.0000 C   0  0  0  0  0  0  0  0  0  0  0  0
    3.4487    0.3364   -0.0000 C   0  0  0  0  0  0  0  0  0  0  0  0
    2.4487    0.3364   -0.0000 C   0  0  0  0  0  0  0  0  0  0  0  0
    1.9487    1.2024   -0.0000 C   0  0  0  0  0  0  0  0  0  0  0  0
    0.9706    0.9945   -0.0000 N   0  0  0  0  0  0  0  0  0  0  0  0
    0.8660   -0.0000   -0.0000 C   0  0  0  0  0  0  0  0  0  0  0  0
    1.7796   -0.4067   -0.0000 O   0  0  0  0  0  0  0  0  0  0  0  0
    0.0000   -0.5000   -0.0000 C   0  0  0  0  0  0  0  0  0  0  0  0
   -0.8660    0.0000   -0.0000 C   0  0  0  0  0  0  0  0  0  0  0  0
   -1.7321   -0.5000   -0.0000 C   0  0  0  0  0  0  0  0  0  0  0  0
   -1.7321   -1.5000   -0.0000 C   0  0  0  0  0  0  0  0  0  0  0  0
   -0.8660   -2.0000   -0.0000 C   0  0  0  0  0  0  0  0  0  0  0  0
   -0.0000   -1.5000   -0.0000 C   0  0  0  0  0  0  0  0  0  0  0  0
    2.4487    2.0685   -0.0000 C   0  0  0  0  0  0  0  0  0  0  0  0
    3.9487   -0.5296   -0.0000 C   0  0  0  0  0  0  0  0  0  0  0  0
    4.8147   -0.0296   -0.0000 C   0  0  0  0  0  0  0  0  0  0  0  0
    4.4487   -1.3956   -0.0000 C   0  0  0  0  0  0  0  0  0  0  0  0
    3.0827   -1.0296   -0.0000 C   0  0  0  0  0  0  0  0  0  0  0  0
  1  2  1  0  0  0  0
  1  3  1  0  0  0  0
  1  4  1  0  0  0  0
  1  5  1  0  0  0  0
  5  6  1  0  0  0  0
  6  7  2  0  0  0  0
  7  8  1  0  0  0  0
  8  9  2  0  0  0  0
  9 10  1  0  0  0  0
 10 11  2  0  0  0  0
 11 12  1  0  0  0  0
  8 12  1  0  0  0  0
 11 13  1  0  0  0  0
 13 14  2  0  0  0  0
 14 15  1  0  0  0  0
 15 16  2  0  0  0  0
 16 17  1  0  0  0  0
 17 18  2  0  0  0  0
 13 18  1  0  0  0  0
  9 19  1  0  0  0  0
  5 19  2  0  0  0  0
  7 20  1  0  0  0  0
 20 21  1  0  0  0  0
 20 22  1  0  0  0  0
 20 23  1  0  0  0  0
M  END

