Message:
openmolecules.org MolfileCreator 1.0

 22 23  0  0  1  0  0  0  0  0999 V2000
    3.8971   -0.0000   -0.0000 Si  0  0  0  0  0  0  0  0  0  0  0  0
    4.6471    1.2990   -0.0000 C   0  0  0  0  0  0  0  0  0  0  0  0
    3.1471    1.2990   -0.0000 C   0  0  0  0  0  0  0  0  0  0  0  0
    5.1962   -0.7500   -0.0000 C   0  0  0  0  0  0  0  0  0  0  0  0
    5.9462    0.5490   -0.0000 C   0  0  0  0  0  0  0  0  0  0  0  0
    6.4952   -1.5000   -0.0000 C   0  0  0  0  0  0  0  0  0  0  0  0
    4.4462   -2.0490   -0.0000 C   0  0  0  0  0  0  0  0  0  0  0  0
    2.5981   -0.7500   -0.0000 O   0  0  0  0  0  0  0  0  0  0  0  0
    1.2990   -0.0000   -0.0000 C   0  0  0  0  0  0  0  0  0  0  0  0
    0.0000   -0.7500   -0.0000 C   0  0  0  0  0  0  0  0  0  0  0  0
   -1.2990    0.0000   -0.0000 C   0  0  0  0  0  0  0  0  0  0  0  0
   -2.5981   -0.7500   -0.0000 C   0  0  0  0  0  0  0  0  0  0  0  0
   -2.5981   -2.2500   -0.0000 C   0  0  0  0  0  0  0  0  0  0  0  0
   -1.2990   -3.0000   -0.0000 C   0  0  0  0  0  0  0  0  0  0  0  0
   -0.0000   -2.2500   -0.0000 O   0  0  0  0  0  0  0  0  0  0  0  0
   -1.2990   -4.5000   -0.0000 C   0  0  0  0  0  0  0  0  0  0  0  0
   -2.5981   -5.2500   -0.0000 C   0  0  0  0  0  0  0  0  0  0  0  0
   -2.5981   -6.7500   -0.0000 C   0  0  0  0  0  0  0  0  0  0  0  0
   -1.2990   -7.5000   -0.0000 C   0  0  0  0  0  0  0  0  0  0  0  0
   -0.0000   -6.7500   -0.0000 C   0  0  0  0  0  0  0  0  0  0  0  0
   -0.0000   -5.2500   -0.0000 C   0  0  0  0  0  0  0  0  0  0  0  0
   -1.2990    1.5000   -0.0000 O   0  0  0  0  0  0  0  0  0  0  0  0
  1  2  1  0  0  0  0
  1  3  1  0  0  0  0
  1  4  1  0  0  0  0
  4  5  1  0  0  0  0
  4  6  1  0  0  0  0
  4  7  1  0  0  0  0
  1  8  1  0  0  0  0
  8  9  1  0  0  0  0
 10  9  1  1  0  0  0
 11 10  1  0  0  0  0
 11 12  1  0  0  0  0
 12 13  2  0  0  0  0
 14 13  1  0  0  0  0
 14 15  1  0  0  0  0
 10 15  1  0  0  0  0
 14 16  1  6  0  0  0
 16 17  2  0  0  0  0
 17 18  1  0  0  0  0
 18 19  2  0  0  0  0
 19 20  1  0  0  0  0
 20 21  2  0  0  0  0
 16 21  1  0  0  0  0
 11 22  1  6  0  0  0
M  END

