Message:
openmolecules.org MolfileCreator 1.0

 18 20  0  0  0  0  0  0  0  0999 V2000
    0.8660   -0.0000   -0.0000 C   0  0  0  0  0  0  0  0  0  0  0  0
    1.7321   -0.5000   -0.0000 C   0  0  0  0  0  0  0  0  0  0  0  0
    1.7321   -1.5000   -0.0000 C   0  0  0  0  0  0  0  0  0  0  0  0
    2.5981   -2.0000   -0.0000 C   0  0  0  0  0  0  0  0  0  0  0  0
    3.4641   -1.5000   -0.0000 C   0  0  0  0  0  0  0  0  0  0  0  0
    3.4641   -0.5000   -0.0000 C   0  0  0  0  0  0  0  0  0  0  0  0
    2.5981   -0.0000   -0.0000 C   0  0  0  0  0  0  0  0  0  0  0  0
    0.0000   -0.5000   -0.0000 N   0  0  0  0  0  0  0  0  0  0  0  0
   -0.9135   -0.0933   -0.0000 C   0  0  0  0  0  0  0  0  0  0  0  0
   -1.5827   -0.8364   -0.0000 C   0  0  0  0  0  0  0  0  0  0  0  0
   -1.0827   -1.7024   -0.0000 C   0  0  0  0  0  0  0  0  0  0  0  0
   -0.1045   -1.4945   -0.0000 C   0  0  0  0  0  0  0  0  0  0  0  0
   -1.1215    0.8849   -0.0000 C   0  0  0  0  0  0  0  0  0  0  0  0
   -0.3783    1.5540   -0.0000 C   0  0  0  0  0  0  0  0  0  0  0  0
   -0.5862    2.5322   -0.0000 C   0  0  0  0  0  0  0  0  0  0  0  0
   -1.5373    2.8412   -0.0000 C   0  0  0  0  0  0  0  0  0  0  0  0
   -2.2804    2.1720   -0.0000 C   0  0  0  0  0  0  0  0  0  0  0  0
   -2.0725    1.1939   -0.0000 C   0  0  0  0  0  0  0  0  0  0  0  0
  1  2  1  0  0  0  0
  2  3  2  0  0  0  0
  3  4  1  0  0  0  0
  4  5  2  0  0  0  0
  5  6  1  0  0  0  0
  6  7  2  0  0  0  0
  2  7  1  0  0  0  0
  1  8  1  0  0  0  0
  8  9  1  0  0  0  0
  9 10  1  0  0  0  0
 10 11  1  0  0  0  0
 11 12  1  0  0  0  0
  8 12  1  0  0  0  0
  9 13  1  0  0  0  0
 13 14  2  0  0  0  0
 14 15  1  0  0  0  0
 15 16  2  0  0  0  0
 16 17  1  0  0  0  0
 17 18  2  0  0  0  0
 13 18  1  0  0  0  0
M  END

