Message:
openmolecules.org MolfileCreator 1.0

 28 31  0  0  0  0  0  0  0  0999 V2000
    0.8660   -0.0000   -0.0000 C   0  0  0  0  0  0  0  0  0  0  0  0
    0.0000   -0.5000   -0.0000 N   0  0  0  0  0  0  0  0  0  0  0  0
   -0.8660    0.0000   -0.0000 C   0  0  0  0  0  0  0  0  0  0  0  0
   -1.7321   -0.5000   -0.0000 C   0  0  0  0  0  0  0  0  0  0  0  0
   -2.5981    0.0000   -0.0000 C   0  0  0  0  0  0  0  0  0  0  0  0
   -3.4641   -0.5000   -0.0000 C   0  0  0  0  0  0  0  0  0  0  0  0
   -3.4641   -1.5000   -0.0000 N   0  0  0  0  0  0  0  0  0  0  0  0
   -2.5981   -2.0000   -0.0000 C   0  0  0  0  0  0  0  0  0  0  0  0
   -1.7321   -1.5000   -0.0000 C   0  0  0  0  0  0  0  0  0  0  0  0
   -0.8660   -2.0000   -0.0000 C   0  0  0  0  0  0  0  0  0  0  0  0
   -0.0000   -1.5000   -0.0000 C   0  0  0  0  0  0  0  0  0  0  0  0
   -2.5981   -3.0000   -0.0000 S   0  0  0  0  0  0  0  0  0  0  0  0
   -3.5981   -3.0000   -0.0000 O   0  0  0  0  0  0  0  0  0  0  0  0
   -1.5981   -3.0000   -0.0000 O   0  0  0  0  0  0  0  0  0  0  0  0
   -2.5981   -4.0000   -0.0000 C   0  0  0  0  0  0  0  0  0  0  0  0
   -4.3301    0.0000   -0.0000 C   0  0  0  0  0  0  0  0  0  0  0  0
   -5.1962   -0.5000   -0.0000 C   0  0  0  0  0  0  0  0  0  0  0  0
   -6.0622    0.0000   -0.0000 C   0  0  0  0  0  0  0  0  0  0  0  0
   -6.0622    1.0000   -0.0000 C   0  0  0  0  0  0  0  0  0  0  0  0
   -5.1962    1.5000   -0.0000 C   0  0  0  0  0  0  0  0  0  0  0  0
   -4.3301    1.0000   -0.0000 N   0  0  0  0  0  0  0  0  0  0  0  0
   -5.1962    2.5000   -0.0000 S   0  0  0  0  0  0  0  0  0  0  0  0
   -4.1962    2.5000   -0.0000 O   0  0  0  0  0  0  0  0  0  0  0  0
   -6.1962    2.5000   -0.0000 O   0  0  0  0  0  0  0  0  0  0  0  0
   -5.1962    3.5000   -0.0000 C   0  0  0  0  0  0  0  0  0  0  0  0
   -7.0132    1.3090   -0.0000 C   0  0  0  0  0  0  0  0  0  0  0  0
   -7.6010    0.5000   -0.0000 C   0  0  0  0  0  0  0  0  0  0  0  0
   -7.0132   -0.3090   -0.0000 C   0  0  0  0  0  0  0  0  0  0  0  0
  1  2  1  0  0  0  0
  2  3  1  0  0  0  0
  3  4  1  0  0  0  0
  4  5  2  0  0  0  0
  5  6  1  0  0  0  0
  6  7  2  0  0  0  0
  7  8  1  0  0  0  0
  8  9  2  0  0  0  0
  4  9  1  0  0  0  0
  9 10  1  0  0  0  0
 10 11  1  0  0  0  0
  2 11  1  0  0  0  0
  8 12  1  0  0  0  0
 12 13  2  0  0  0  0
 12 14  2  0  0  0  0
 12 15  1  0  0  0  0
  6 16  1  0  0  0  0
 16 17  2  0  0  0  0
 17 18  1  0  0  0  0
 18 19  2  0  0  0  0
 19 20  1  0  0  0  0
 20 21  2  0  0  0  0
 16 21  1  0  0  0  0
 20 22  1  0  0  0  0
 22 23  2  0  0  0  0
 22 24  2  0  0  0  0
 22 25  1  0  0  0  0
 19 26  1  0  0  0  0
 26 27  1  0  0  0  0
 27 28  1  0  0  0  0
 18 28  1  0  0  0  0
M  END

