Message:
openmolecules.org MolfileCreator 1.0

 17 17  0  0  0  0  0  0  0  0999 V2000
    4.3301   -0.0000   -0.0000 C   0  0  0  0  0  0  0  0  0  0  0  0
    5.1962   -0.5000   -0.0000 C   0  0  0  0  0  0  0  0  0  0  0  0
    6.0622   -0.0000   -0.0000 C   0  0  0  0  0  0  0  0  0  0  0  0
    6.9282   -0.5000   -0.0000 C   0  0  0  0  0  0  0  0  0  0  0  0
    6.9282   -1.5000   -0.0000 C   0  0  0  0  0  0  0  0  0  0  0  0
    7.7942   -2.0000   -0.0000 C   0  0  0  0  0  0  0  0  0  0  0  0
    8.6603   -1.5000   -0.0000 C   0  0  0  0  0  0  0  0  0  0  0  0
    8.6603   -0.5000   -0.0000 C   0  0  0  0  0  0  0  0  0  0  0  0
    7.7942   -0.0000   -0.0000 C   0  0  0  0  0  0  0  0  0  0  0  0
    9.5263   -2.0000   -0.0000 O   0  0  0  0  0  0  0  0  0  0  0  0
    4.3301    1.0000   -0.0000 O   0  0  0  0  0  0  0  0  0  0  0  0
    3.4641   -0.5000   -0.0000 O   0  0  0  0  0  0  0  0  0  0  0  0
    2.5981   -0.0000   -0.0000 C   0  0  0  0  0  0  0  0  0  0  0  0
    1.7321   -0.5000   -0.0000 C   0  0  0  0  0  0  0  0  0  0  0  0
    1.7321   -1.5000   -0.0000 O   0  0  0  0  0  0  0  0  0  0  0  0
    0.8660   -0.0000   -0.0000 C   0  0  0  0  0  0  0  0  0  0  0  0
    0.0000   -0.5000   -0.0000 O   0  0  0  0  0  0  0  0  0  0  0  0
  1  2  1  0  0  0  0
  2  3  2  0  0  0  0
  3  4  1  0  0  0  0
  4  5  2  0  0  0  0
  5  6  1  0  0  0  0
  6  7  2  0  0  0  0
  7  8  1  0  0  0  0
  8  9  2  0  0  0  0
  4  9  1  0  0  0  0
  7 10  1  0  0  0  0
  1 11  2  0  0  0  0
  1 12  1  0  0  0  0
 12 13  1  0  0  0  0
 13 14  1  0  0  0  0
 14 15  1  0  0  0  0
 14 16  1  0  0  0  0
 16 17  1  0  0  0  0
M  END

