Message:
openmolecules.org MolfileCreator 1.0

 15 16  0  0  0  0  0  0  0  0999 V2000
    4.3301   -0.0000   -0.0000 C   0  0  0  0  0  0  0  0  0  0  0  0
    3.4641   -0.5000   -0.0000 C   0  0  0  0  0  0  0  0  0  0  0  0
    2.5981   -0.0000   -0.0000 C   0  0  0  0  0  0  0  0  0  0  0  0
    1.7321   -0.5000   -0.0000 C   0  0  0  0  0  0  0  0  0  0  0  0
    0.8660   -0.0000   -0.0000 C   0  0  0  0  0  0  0  0  0  0  0  0
    0.0000   -0.5000   -0.0000 C   0  0  0  0  0  0  0  0  0  0  0  0
   -0.9135   -0.0933   -0.0000 N   0  0  0  0  0  0  0  0  0  0  0  0
   -1.5827   -0.8364   -0.0000 N   0  0  0  0  0  0  0  0  0  0  0  0
   -1.0827   -1.7024   -0.0000 C   0  0  0  0  0  0  0  0  0  0  0  0
   -0.1045   -1.4945   -0.0000 N   0  0  0  0  0  0  0  0  0  0  0  0
    0.6386   -2.1637   -0.0000 N   0  0  0  0  0  0  0  0  0  0  0  0
   -1.4894   -2.6160   -0.0000 O   0  0  0  0  0  0  0  0  0  0  0  0
    1.7321   -1.5000   -0.0000 C   0  0  0  0  0  0  0  0  0  0  0  0
    2.5981   -2.0000   -0.0000 C   0  0  0  0  0  0  0  0  0  0  0  0
    3.4641   -1.5000   -0.0000 C   0  0  0  0  0  0  0  0  0  0  0  0
  1  2  1  0  0  0  0
  2  3  1  0  0  0  0
  3  4  2  0  0  0  0
  4  5  1  0  0  0  0
  5  6  1  0  0  0  0
  6  7  2  0  0  0  0
  7  8  1  0  0  0  0
  8  9  1  0  0  0  0
  9 10  1  0  0  0  0
  6 10  1  0  0  0  0
 10 11  1  0  0  0  0
  9 12  2  0  0  0  0
  4 13  1  0  0  0  0
 13 14  2  0  0  0  0
 14 15  1  0  0  0  0
  2 15  2  0  0  0  0
M  END

