Message:
openmolecules.org MolfileCreator 1.0

 22 24  0  0  0  0  0  0  0  0999 V2000
    5.9020   -0.1248   -0.0000 Br  0  0  0  0  0  0  0  0  0  0  0  0
    5.1589    0.5443   -0.0000 C   0  0  0  0  0  0  0  0  0  0  0  0
    5.2634    1.5388   -0.0000 C   0  0  0  0  0  0  0  0  0  0  0  0
    4.3499    1.9456   -0.0000 S   0  0  0  0  0  0  0  0  0  0  0  0
    3.6808    1.2024   -0.0000 C   0  0  0  0  0  0  0  0  0  0  0  0
    4.1808    0.3364   -0.0000 C   0  0  0  0  0  0  0  0  0  0  0  0
    3.5116   -0.4067   -0.0000 S   0  0  0  0  0  0  0  0  0  0  0  0
    2.5981   -0.0000   -0.0000 C   0  0  0  0  0  0  0  0  0  0  0  0
    2.7026    0.9945   -0.0000 C   0  0  0  0  0  0  0  0  0  0  0  0
    1.9595    1.6637   -0.0000 Cl  0  0  0  0  0  0  0  0  0  0  0  0
    1.7321   -0.5000   -0.0000 C   0  0  0  0  0  0  0  0  0  0  0  0
    1.7321   -1.5000   -0.0000 O   0  0  0  0  0  0  0  0  0  0  0  0
    0.8660   -0.0000   -0.0000 N   0  0  0  0  0  0  0  0  0  0  0  0
    0.0000   -0.5000   -0.0000 C   0  0  0  0  0  0  0  0  0  0  0  0
   -0.8660    0.0000   -0.0000 C   0  0  0  0  0  0  0  0  0  0  0  0
   -1.7321   -0.5000   -0.0000 C   0  0  0  0  0  0  0  0  0  0  0  0
   -1.7321   -1.5000   -0.0000 C   0  0  0  0  0  0  0  0  0  0  0  0
   -0.8660   -2.0000   -0.0000 C   0  0  0  0  0  0  0  0  0  0  0  0
   -0.0000   -1.5000   -0.0000 C   0  0  0  0  0  0  0  0  0  0  0  0
   -2.5981   -2.0000   -0.0000 C   0  0  0  0  0  0  0  0  0  0  0  0
   -3.4641   -2.5000   -0.0000 N   0  0  0  0  0  0  0  0  0  0  0  0
    6.1295    2.0388   -0.0000 Cl  0  0  0  0  0  0  0  0  0  0  0  0
  1  2  1  0  0  0  0
  2  3  2  0  0  0  0
  3  4  1  0  0  0  0
  4  5  1  0  0  0  0
  5  6  2  0  0  0  0
  2  6  1  0  0  0  0
  6  7  1  0  0  0  0
  7  8  1  0  0  0  0
  8  9  2  0  0  0  0
  5  9  1  0  0  0  0
  9 10  1  0  0  0  0
  8 11  1  0  0  0  0
 11 12  2  0  0  0  0
 11 13  1  0  0  0  0
 13 14  1  0  0  0  0
 14 15  2  0  0  0  0
 15 16  1  0  0  0  0
 16 17  2  0  0  0  0
 17 18  1  0  0  0  0
 18 19  2  0  0  0  0
 14 19  1  0  0  0  0
 17 20  1  0  0  0  0
 20 21  3  0  0  0  0
  3 22  1  0  0  0  0
M  END

