Message:
openmolecules.org MolfileCreator 1.0

 27 30  0  0  0  0  0  0  0  0999 V2000
    7.4128    2.9345   -0.0000 Br  0  0  0  0  0  0  0  0  0  0  0  0
    6.9128    2.0685   -0.0000 C   0  0  0  0  0  0  0  0  0  0  0  0
    7.4128    1.2024   -0.0000 C   0  0  0  0  0  0  0  0  0  0  0  0
    6.9128    0.3364   -0.0000 C   0  0  0  0  0  0  0  0  0  0  0  0
    5.9128    0.3364   -0.0000 C   0  0  0  0  0  0  0  0  0  0  0  0
    5.4128    1.2024   -0.0000 C   0  0  0  0  0  0  0  0  0  0  0  0
    4.4347    0.9945   -0.0000 C   0  0  0  0  0  0  0  0  0  0  0  0
    4.3301   -0.0000   -0.0000 C   0  0  0  0  0  0  0  0  0  0  0  0
    5.2437   -0.4067   -0.0000 O   0  0  0  0  0  0  0  0  0  0  0  0
    3.4641   -0.5000   -0.0000 C   0  0  0  0  0  0  0  0  0  0  0  0
    2.5981   -0.0000   -0.0000 N   0  0  0  0  0  0  0  0  0  0  0  0
    2.5981    1.0000   -0.0000 N   0  0  0  0  0  0  0  0  0  0  0  0
    1.7321    1.5000   -0.0000 C   0  0  0  0  0  0  0  0  0  0  0  0
    0.8660    1.0000   -0.0000 S   0  0  0  0  0  0  0  0  0  0  0  0
    1.7321    2.5000   -0.0000 N   0  0  0  0  0  0  0  0  0  0  0  0
    3.4641   -1.5000   -0.0000 C   0  0  0  0  0  0  0  0  0  0  0  0
    2.7570   -2.2071   -0.0000 C   0  0  0  0  0  0  0  0  0  0  0  0
    3.4641   -2.9142   -0.0000 C   0  0  0  0  0  0  0  0  0  0  0  0
    4.1712   -2.2071   -0.0000 C   0  0  0  0  0  0  0  0  0  0  0  0
    3.4641   -3.9142   -0.0000 C   0  0  0  0  0  0  0  0  0  0  0  0
    2.5981   -4.4142   -0.0000 C   0  0  0  0  0  0  0  0  0  0  0  0
    2.5981   -5.4142   -0.0000 C   0  0  0  0  0  0  0  0  0  0  0  0
    3.4641   -5.9142   -0.0000 C   0  0  0  0  0  0  0  0  0  0  0  0
    4.3301   -5.4142   -0.0000 C   0  0  0  0  0  0  0  0  0  0  0  0
    4.3301   -4.4142   -0.0000 C   0  0  0  0  0  0  0  0  0  0  0  0
    4.3880   -3.2969   -0.0000 C   0  0  0  0  0  0  0  0  0  0  0  0
    5.9128    2.0685   -0.0000 C   0  0  0  0  0  0  0  0  0  0  0  0
  1  2  1  0  0  0  0
  2  3  1  0  0  0  0
  3  4  2  0  0  0  0
  4  5  1  0  0  0  0
  5  6  2  0  0  0  0
  6  7  1  0  0  0  0
  7  8  2  0  0  0  0
  8  9  1  0  0  0  0
  5  9  1  0  0  0  0
  8 10  1  0  0  0  0
 10 11  2  0  0  0  0
 11 12  1  0  0  0  0
 12 13  1  0  0  0  0
 13 14  2  0  0  0  0
 13 15  1  0  0  0  0
 10 16  1  0  0  0  0
 16 17  1  0  0  0  0
 17 18  1  0  0  0  0
 18 19  1  0  0  0  0
 16 19  1  0  0  0  0
 18 20  1  0  0  0  0
 20 21  2  0  0  0  0
 21 22  1  0  0  0  0
 22 23  2  0  0  0  0
 23 24  1  0  0  0  0
 24 25  2  0  0  0  0
 20 25  1  0  0  0  0
 18 26  1  0  0  0  0
  6 27  1  0  0  0  0
  2 27  2  0  0  0  0
M  END

