Message:
openmolecules.org MolfileCreator 1.0

 30 33  0  0  0  0  0  0  0  0999 V2000
    2.8268   -0.5000   -0.0000 Br  0  0  0  0  0  0  0  0  0  0  0  0
   -1.0673    4.9645   -0.0000 C   0  0  0  0  0  0  0  0  0  0  0  0
   -0.4245    5.7306   -0.0000 C   0  0  0  0  0  0  0  0  0  0  0  0
   -0.7665    6.6702   -0.0000 C   0  0  0  0  0  0  0  0  0  0  0  0
   -1.7514    6.8439   -0.0000 C   0  0  0  0  0  0  0  0  0  0  0  0
   -2.3941    6.0778   -0.0000 C   0  0  0  0  0  0  0  0  0  0  0  0
   -2.0521    5.1382   -0.0000 C   0  0  0  0  0  0  0  0  0  0  0  0
   -0.7253    4.0248   -0.0000 C   0  0  0  0  0  0  0  0  0  0  0  0
   -1.3681    3.2588   -0.0000 C   0  0  0  0  0  0  0  0  0  0  0  0
   -1.0261    2.3191   -0.0000 C   0  0  0  0  0  0  0  0  0  0  0  0
   -0.0413    2.1454   -0.0000 C   0  0  0  0  0  0  0  0  0  0  0  0
    0.3008    1.2057   -0.0000 C   0  0  0  0  0  0  0  0  0  0  0  0
   -0.3420    0.4397   -0.0000 C   0  0  0  0  0  0  0  0  0  0  0  0
    0.0000   -0.5000   -0.0000 N   0  0  0  0  0  0  0  0  0  0  0  0
    0.9848   -0.6736   -0.0000 C   0  0  0  0  0  0  0  0  0  0  0  0
    1.3268   -1.6133   -0.0000 C   0  0  0  0  0  0  0  0  0  0  0  0
    0.6840   -2.3794   -0.0000 C   0  0  0  0  0  0  0  0  0  0  0  0
   -0.3008   -2.2057   -0.0000 C   0  0  0  0  0  0  0  0  0  0  0  0
   -0.9436   -2.9718   -0.0000 C   0  0  0  0  0  0  0  0  0  0  0  0
   -1.9284   -2.7981   -0.0000 C   0  0  0  0  0  0  0  0  0  0  0  0
   -2.2704   -1.8584   -0.0000 C   0  0  0  0  0  0  0  0  0  0  0  0
   -3.2552   -1.6848   -0.0000 C   0  0  0  0  0  0  0  0  0  0  0  0
   -3.5972   -0.7451   -0.0000 C   0  0  0  0  0  0  0  0  0  0  0  0
   -2.9544    0.0209   -0.0000 C   0  0  0  0  0  0  0  0  0  0  0  0
   -1.9696   -0.1527   -0.0000 N   0  0  0  0  0  0  0  0  0  0  0  0
   -1.6276   -1.0924   -0.0000 C   0  0  0  0  0  0  0  0  0  0  0  0
   -0.6428   -1.2660   -0.0000 C   0  0  0  0  0  0  0  0  0  0  0  0
    1.2856    1.0321   -0.0000 O   0  0  0  0  0  0  0  0  0  0  0  0
    0.6015    2.9115   -0.0000 C   0  0  0  0  0  0  0  0  0  0  0  0
    0.2595    3.8512   -0.0000 C   0  0  0  0  0  0  0  0  0  0  0  0
  2  3  2  0  0  0  0
  3  4  1  0  0  0  0
  4  5  2  0  0  0  0
  5  6  1  0  0  0  0
  6  7  2  0  0  0  0
  2  7  1  0  0  0  0
  2  8  1  0  0  0  0
  8  9  2  0  0  0  0
  9 10  1  0  0  0  0
 10 11  2  0  0  0  0
 11 12  1  0  0  0  0
 12 13  1  0  0  0  0
 13 14  1  0  0  0  0
 14 15  2  0  0  0  0
 15 16  1  0  0  0  0
 16 17  2  0  0  0  0
 17 18  1  0  0  0  0
 18 19  2  0  0  0  0
 19 20  1  0  0  0  0
 20 21  2  0  0  0  0
 21 22  1  0  0  0  0
 22 23  2  0  0  0  0
 23 24  1  0  0  0  0
 24 25  2  0  0  0  0
 25 26  1  0  0  0  0
 21 26  1  0  0  0  0
 26 27  2  0  0  0  0
 14 27  1  0  0  0  0
 18 27  1  0  0  0  0
 12 28  2  0  0  0  0
 11 29  1  0  0  0  0
 29 30  2  0  0  0  0
  8 30  1  0  0  0  0
M  CHG  2   1  -1  14   1
M  END

