Message:
openmolecules.org MolfileCreator 1.0

 20 21  0  0  0  0  0  0  0  0999 V2000
    6.0622   -2.0000   -0.0000 Cl  0  0  0  0  0  0  0  0  0  0  0  0
    5.1962   -1.5000   -0.0000 C   0  0  0  0  0  0  0  0  0  0  0  0
    5.1962   -0.5000   -0.0000 C   0  0  0  0  0  0  0  0  0  0  0  0
    4.3301    0.0000   -0.0000 C   0  0  0  0  0  0  0  0  0  0  0  0
    3.4641   -0.5000   -0.0000 C   0  0  0  0  0  0  0  0  0  0  0  0
    3.4641   -1.5000   -0.0000 C   0  0  0  0  0  0  0  0  0  0  0  0
    4.3301   -2.0000   -0.0000 C   0  0  0  0  0  0  0  0  0  0  0  0
    2.5981   -0.0000   -0.0000 C   0  0  0  0  0  0  0  0  0  0  0  0
    1.7321   -0.5000   -0.0000 C   0  0  0  0  0  0  0  0  0  0  0  0
    1.7321   -1.5000   -0.0000 C   0  0  0  0  0  0  0  0  0  0  0  0
    0.8660   -2.0000   -0.0000 C   0  0  0  0  0  0  0  0  0  0  0  0
    2.5981   -2.0000   -0.0000 O   0  0  0  0  0  0  0  0  0  0  0  0
    0.8660   -0.0000   -0.0000 Se  0  0  0  0  0  0  0  0  0  0  0  0
    0.0000   -0.5000   -0.0000 C   0  0  0  0  0  0  0  0  0  0  0  0
   -0.8660    0.0000   -0.0000 C   0  0  0  0  0  0  0  0  0  0  0  0
   -1.7321   -0.5000   -0.0000 C   0  0  0  0  0  0  0  0  0  0  0  0
   -1.7321   -1.5000   -0.0000 C   0  0  0  0  0  0  0  0  0  0  0  0
   -0.8660   -2.0000   -0.0000 C   0  0  0  0  0  0  0  0  0  0  0  0
   -0.0000   -1.5000   -0.0000 C   0  0  0  0  0  0  0  0  0  0  0  0
    2.5981    1.0000   -0.0000 O   0  0  0  0  0  0  0  0  0  0  0  0
  1  2  1  0  0  0  0
  2  3  2  0  0  0  0
  3  4  1  0  0  0  0
  4  5  2  0  0  0  0
  5  6  1  0  0  0  0
  6  7  2  0  0  0  0
  2  7  1  0  0  0  0
  5  8  1  0  0  0  0
  8  9  1  0  0  0  0
  9 10  1  0  0  0  0
 10 11  1  0  0  0  0
 10 12  1  0  0  0  0
  9 13  1  0  0  0  0
 13 14  1  0  0  0  0
 14 15  2  0  0  0  0
 15 16  1  0  0  0  0
 16 17  2  0  0  0  0
 17 18  1  0  0  0  0
 18 19  2  0  0  0  0
 14 19  1  0  0  0  0
  8 20  1  0  0  0  0
M  END

