Message:
openmolecules.org MolfileCreator 1.0

 16 17  0  0  1  0  0  0  0  0999 V2000
    2.5981   -0.0000   -0.0000 C   0  0  0  0  0  0  0  0  0  0  0  0
    1.7321   -0.5000   -0.0000 O   0  0  0  0  0  0  0  0  0  0  0  0
    0.8660   -0.0000   -0.0000 C   0  0  0  0  0  0  0  0  0  0  0  0
    0.8660    1.0000   -0.0000 O   0  0  0  0  0  0  0  0  0  0  0  0
    0.0000   -0.5000   -0.0000 C   0  0  0  0  0  0  0  0  0  0  0  0
   -0.9135   -0.0933   -0.0000 C   0  0  0  0  0  0  0  0  0  0  0  0
   -2.2814   -0.2602   -0.0000 C   0  0  0  0  0  0  0  0  0  0  0  0
   -2.3859   -1.2547   -0.0000 C   0  0  0  0  0  0  0  0  0  0  0  0
   -1.0827   -1.7024   -0.0000 C   0  0  0  0  0  0  0  0  0  0  0  0
   -0.1045   -1.4945   -0.0000 C   0  0  0  0  0  0  0  0  0  0  0  0
    0.6386   -2.1637   -0.0000 O   0  0  0  0  0  0  0  0  0  0  0  0
    1.5897   -1.8546   -0.0000 C   0  0  0  0  0  0  0  0  0  0  0  0
   -0.3633   -2.4604   -0.0000 O   0  0  0  0  0  0  0  0  0  0  0  0
    0.3438   -3.1676   -0.0000 C   0  0  0  0  0  0  0  0  0  0  0  0
   -1.5827   -0.8364   -0.0000 O   0  0  0  0  0  0  0  0  0  0  0  0
   -0.7654    0.8957   -0.0000 C   0  0  0  0  0  0  0  0  0  0  0  0
  1  2  1  0  0  0  0
  2  3  1  0  0  0  0
  3  4  2  0  0  0  0
  5  3  1  1  0  0  0
  6  5  1  0  0  0  0
  6  7  1  0  0  0  0
  7  8  1  0  0  0  0
  9  8  1  0  0  0  0
  9 10  1  0  0  0  0
  5 10  1  0  0  0  0
 10 11  1  0  0  0  0
 11 12  1  0  0  0  0
 10 13  1  0  0  0  0
 13 14  1  0  0  0  0
  9 15  1  6  0  0  0
  6 15  1  0  0  0  0
  6 16  1  6  0  0  0
M  END

