Message:
openmolecules.org MolfileCreator 1.0

 25 26  0  0  0  0  0  0  0  0999 V2000
    6.0622   -0.0000   -0.0000 C   0  0  0  0  0  0  0  0  0  0  0  0
    6.9282   -0.5000   -0.0000 C   0  0  0  0  0  0  0  0  0  0  0  0
    5.1962   -0.5000   -0.0000 O   0  0  0  0  0  0  0  0  0  0  0  0
    4.3301   -0.0000   -0.0000 C   0  0  0  0  0  0  0  0  0  0  0  0
    3.4641   -0.5000   -0.0000 C   0  0  0  0  0  0  0  0  0  0  0  0
    2.5981   -0.0000   -0.0000 C   0  0  0  0  0  0  0  0  0  0  0  0
    2.5981    1.0000   -0.0000 O   0  0  0  0  0  0  0  0  0  0  0  0
    1.7321   -0.5000   -0.0000 O   0  0  0  0  0  0  0  0  0  0  0  0
    0.8660   -0.0000   -0.0000 C   0  0  0  0  0  0  0  0  0  0  0  0
    0.0000   -0.5000   -0.0000 C   0  0  0  0  0  0  0  0  0  0  0  0
    3.4641   -1.5000   -0.0000 C   0  0  0  0  0  0  0  0  0  0  0  0
    2.5981   -2.0000   -0.0000 C   0  0  0  0  0  0  0  0  0  0  0  0
    1.7321   -1.5000   -0.0000 C   0  0  0  0  0  0  0  0  0  0  0  0
    0.8660   -2.0000   -0.0000 C   0  0  0  0  0  0  0  0  0  0  0  0
    0.8660   -3.0000   -0.0000 C   0  0  0  0  0  0  0  0  0  0  0  0
   -0.0850   -3.3090   -0.0000 O   0  0  0  0  0  0  0  0  0  0  0  0
   -0.6728   -2.5000   -0.0000 C   0  0  0  0  0  0  0  0  0  0  0  0
   -0.0850   -1.6910   -0.0000 O   0  0  0  0  0  0  0  0  0  0  0  0
    1.7321   -3.5000   -0.0000 C   0  0  0  0  0  0  0  0  0  0  0  0
    2.5981   -3.0000   -0.0000 C   0  0  0  0  0  0  0  0  0  0  0  0
    3.4641   -3.5000   -0.0000 N   0  0  0  0  0  0  0  0  0  0  0  0
    4.3301   -3.0000   -0.0000 O   0  0  0  0  0  0  0  0  0  0  0  0
    3.4641   -4.5000   -0.0000 O   0  0  0  0  0  0  0  0  0  0  0  0
    3.4641    0.5000   -0.0000 O   0  0  0  0  0  0  0  0  0  0  0  0
    4.3301    1.0000   -0.0000 O   0  0  0  0  0  0  0  0  0  0  0  0
  1  2  1  0  0  0  0
  1  3  1  0  0  0  0
  3  4  1  0  0  0  0
  4  5  1  0  0  0  0
  5  6  1  0  0  0  0
  6  7  2  0  0  0  0
  6  8  1  0  0  0  0
  8  9  1  0  0  0  0
  9 10  1  0  0  0  0
  5 11  1  0  0  0  0
 11 12  1  0  0  0  0
 12 13  2  0  0  0  0
 13 14  1  0  0  0  0
 14 15  2  0  0  0  0
 15 16  1  0  0  0  0
 16 17  1  0  0  0  0
 17 18  1  0  0  0  0
 14 18  1  0  0  0  0
 15 19  1  0  0  0  0
 19 20  2  0  0  0  0
 12 20  1  0  0  0  0
 20 21  1  0  0  0  0
 21 22  2  0  0  0  0
 21 23  1  0  0  0  0
  5 24  1  0  0  0  0
  4 25  2  0  0  0  0
M  CHG  2  21   1  23  -1
M  END

