Message:
openmolecules.org MolfileCreator 1.0

 12 13  0  0  0  0  0  0  0  0999 V2000
    0.8660   -0.0000   -0.0000 O   0  0  0  0  0  0  0  0  0  0  0  0
    0.0000   -0.5000   -0.0000 C   0  0  0  0  0  0  0  0  0  0  0  0
    0.0747   -1.4972   -0.0000 C   0  0  0  0  0  0  0  0  0  0  0  0
   -0.8262    0.0633   -0.0000 C   0  0  0  0  0  0  0  0  0  0  0  0
   -0.6583   -2.1774   -0.0000 C   0  0  0  0  0  0  0  0  0  0  0  0
   -1.7818   -0.2314   -0.0000 C   0  0  0  0  0  0  0  0  0  0  0  0
   -1.6472   -2.0283   -0.0000 C   0  0  0  0  0  0  0  0  0  0  0  0
   -0.2930   -3.1083   -0.0000 C   0  0  0  0  0  0  0  0  0  0  0  0
   -2.1472   -1.1623   -0.0000 C   0  0  0  0  0  0  0  0  0  0  0  0
   -2.2706   -2.8102   -0.0000 C   0  0  0  0  0  0  0  0  0  0  0  0
   -0.9165   -3.8901   -0.0000 C   0  0  0  0  0  0  0  0  0  0  0  0
   -1.9053   -3.7410   -0.0000 C   0  0  0  0  0  0  0  0  0  0  0  0
  1  2  2  0  0  0  0
  2  3  1  0  0  0  0
  2  4  1  0  0  0  0
  3  5  1  0  0  0  0
  4  6  1  0  0  0  0
  5  7  2  0  0  0  0
  5  8  1  0  0  0  0
  6  9  1  0  0  0  0
  7 10  1  0  0  0  0
  8 11  2  0  0  0  0
 10 12  2  0  0  0  0
  7  9  1  0  0  0  0
 11 12  1  0  0  0  0
M  END

