Message:
openmolecules.org MolfileCreator 1.0

 29 30  0  0  1  0  0  0  0  0999 V2000
    6.9282   -1.5000   -0.0000 C   0  0  0  0  0  0  0  0  0  0  0  0
    7.7942   -2.0000   -0.0000 C   0  0  0  0  0  0  0  0  0  0  0  0
    6.9975   -0.2710   -0.0000 O   0  0  0  0  0  0  0  0  0  0  0  0
    6.0622   -2.0000   -0.0000 O   0  0  0  0  0  0  0  0  0  0  0  0
    5.1962   -1.5000   -0.0000 C   0  0  0  0  0  0  0  0  0  0  0  0
    5.1962   -0.5000   -0.0000 C   0  0  0  0  0  0  0  0  0  0  0  0
    4.3301    0.0000   -0.0000 O   0  0  0  0  0  0  0  0  0  0  0  0
    3.4641   -0.5000   -0.0000 C   0  0  0  0  0  0  0  0  0  0  0  0
    3.4641   -1.5000   -0.0000 C   0  0  0  0  0  0  0  0  0  0  0  0
    4.3301   -2.0000   -0.0000 C   0  0  0  0  0  0  0  0  0  0  0  0
    4.3301   -3.0000   -0.0000 O   0  0  0  0  0  0  0  0  0  0  0  0
    5.1962   -3.5000   -0.0000 C   0  0  0  0  0  0  0  0  0  0  0  0
    6.0622   -3.0000   -0.0000 C   0  0  0  0  0  0  0  0  0  0  0  0
    5.1962   -4.5000   -0.0000 O   0  0  0  0  0  0  0  0  0  0  0  0
    2.5981   -2.0000   -0.0000 O   0  0  0  0  0  0  0  0  0  0  0  0
    2.5981   -3.0000   -0.0000 C   0  0  0  0  0  0  0  0  0  0  0  0
    3.4641   -3.5000   -0.0000 C   0  0  0  0  0  0  0  0  0  0  0  0
    1.7321   -3.5000   -0.0000 O   0  0  0  0  0  0  0  0  0  0  0  0
    2.5981   -0.0000   -0.0000 C   0  0  0  0  0  0  0  0  0  0  0  0
    1.7321   -0.5000   -0.0000 O   0  0  0  0  0  0  0  0  0  0  0  0
    0.8660   -0.0000   -0.0000 C   0  0  0  0  0  0  0  0  0  0  0  0
    0.8660    1.0000   -0.0000 C   0  0  0  0  0  0  0  0  0  0  0  0
    0.0000   -0.5000   -0.0000 O   0  0  0  0  0  0  0  0  0  0  0  0
    6.0622   -0.0000   -0.0000 C   0  0  0  0  0  0  0  0  0  0  0  0
    6.7067   -0.4875   -0.0000 C   0  0  0  0  0  0  0  0  0  0  0  0
    7.7942   -0.0000   -0.0000 C   0  0  0  0  0  0  0  0  0  0  0  0
    7.7942    1.0000   -0.0000 C   0  0  0  0  0  0  0  0  0  0  0  0
    6.9282    1.5000   -0.0000 C   0  0  0  0  0  0  0  0  0  0  0  0
    6.0622    1.0000   -0.0000 C   0  0  0  0  0  0  0  0  0  0  0  0
  1  2  1  0  0  0  0
  1  3  2  0  0  0  0
  1  4  1  0  0  0  0
  5  4  1  1  0  0  0
  6  5  1  0  0  0  0
  6  7  1  0  0  0  0
  8  7  1  0  0  0  0
  9  8  1  0  0  0  0
 10  9  1  0  0  0  0
  5 10  1  0  0  0  0
 10 11  1  1  0  0  0
 11 12  1  0  0  0  0
 12 13  1  0  0  0  0
 12 14  2  0  0  0  0
  9 15  1  6  0  0  0
 15 16  1  0  0  0  0
 16 17  1  0  0  0  0
 16 18  2  0  0  0  0
  8 19  1  1  0  0  0
 19 20  1  0  0  0  0
 20 21  1  0  0  0  0
 21 22  1  0  0  0  0
 21 23  2  0  0  0  0
  6 24  1  6  0  0  0
 24 25  2  0  0  0  0
 25 26  1  0  0  0  0
 26 27  2  0  0  0  0
 27 28  1  0  0  0  0
 28 29  2  0  0  0  0
 24 29  1  0  0  0  0
M  END

