Message:
openmolecules.org MolfileCreator 1.0

 20 21  0  0  0  0  0  0  0  0999 V2000
    6.4952   -0.0000   -0.0000 C   0  0  0  0  0  0  0  0  0  0  0  0
    7.7942   -0.7500   -0.0000 C   0  0  0  0  0  0  0  0  0  0  0  0
    5.1962   -0.7500   -0.0000 O   0  0  0  0  0  0  0  0  0  0  0  0
    3.8971   -0.0000   -0.0000 C   0  0  0  0  0  0  0  0  0  0  0  0
    2.5981   -0.7500   -0.0000 C   0  0  0  0  0  0  0  0  0  0  0  0
    1.2990   -0.0000   -0.0000 C   0  0  0  0  0  0  0  0  0  0  0  0
    0.0000   -0.7500   -0.0000 C   0  0  0  0  0  0  0  0  0  0  0  0
   -0.0000   -2.2500   -0.0000 C   0  0  0  0  0  0  0  0  0  0  0  0
   -1.2990   -3.0000   -0.0000 C   0  0  0  0  0  0  0  0  0  0  0  0
   -2.5981   -2.2500   -0.0000 C   0  0  0  0  0  0  0  0  0  0  0  0
   -3.7128   -3.2537   -0.0000 O   0  0  0  0  0  0  0  0  0  0  0  0
   -3.1027   -4.6240   -0.0000 C   0  0  0  0  0  0  0  0  0  0  0  0
   -1.6109   -4.4672   -0.0000 O   0  0  0  0  0  0  0  0  0  0  0  0
   -2.5981   -0.7500   -0.0000 C   0  0  0  0  0  0  0  0  0  0  0  0
   -1.2990    0.0000   -0.0000 C   0  0  0  0  0  0  0  0  0  0  0  0
   -1.2990    1.5000   -0.0000 N   0  0  0  0  0  0  0  0  0  0  0  0
    0.0000    2.2500   -0.0000 O   0  0  0  0  0  0  0  0  0  0  0  0
   -2.5981    2.2500   -0.0000 O   0  0  0  0  0  0  0  0  0  0  0  0
    2.5981   -2.2500   -0.0000 O   0  0  0  0  0  0  0  0  0  0  0  0
    3.8971    1.5000   -0.0000 O   0  0  0  0  0  0  0  0  0  0  0  0
  1  2  1  0  0  0  0
  1  3  1  0  0  0  0
  3  4  1  0  0  0  0
  4  5  1  0  0  0  0
  5  6  1  0  0  0  0
  6  7  1  0  0  0  0
  7  8  2  0  0  0  0
  8  9  1  0  0  0  0
  9 10  2  0  0  0  0
 10 11  1  0  0  0  0
 11 12  1  0  0  0  0
 12 13  1  0  0  0  0
  9 13  1  0  0  0  0
 10 14  1  0  0  0  0
 14 15  2  0  0  0  0
  7 15  1  0  0  0  0
 15 16  1  0  0  0  0
 16 17  2  0  0  0  0
 16 18  1  0  0  0  0
  5 19  1  0  0  0  0
  4 20  2  0  0  0  0
M  CHG  2  16   1  18  -1
M  END

