Message:
openmolecules.org MolfileCreator 1.0

 41 44  0  0  1  0  0  0  0  0999 V2000
    2.5981   -0.7500   -0.0000 C   0  0  0  0  0  0  0  0  0  0  0  0
    3.8971   -0.0000   -0.0000 C   0  0  0  0  0  0  0  0  0  0  0  0
    5.1962   -0.7500   -0.0000 C   0  0  0  0  0  0  0  0  0  0  0  0
    6.4952    0.0000   -0.0000 C   0  0  0  0  0  0  0  0  0  0  0  0
    6.4952    1.5000   -0.0000 C   0  0  0  0  0  0  0  0  0  0  0  0
    5.1962    2.2500   -0.0000 C   0  0  0  0  0  0  0  0  0  0  0  0
    3.8971    1.5000   -0.0000 C   0  0  0  0  0  0  0  0  0  0  0  0
    1.2990   -0.0000   -0.0000 O   0  0  0  0  0  0  0  0  0  0  0  0
    0.0000   -0.7500   -0.0000 C   0  0  0  0  0  0  0  0  0  0  0  0
   -1.2990    0.0000   -0.0000 C   0  0  0  0  0  0  0  0  0  0  0  0
   -2.5981   -0.7500   -0.0000 C   0  0  0  0  0  0  0  0  0  0  0  0
   -2.5981   -2.2500   -0.0000 C   0  0  0  0  0  0  0  0  0  0  0  0
   -1.2990   -3.0000   -0.0000 C   0  0  0  0  0  0  0  0  0  0  0  0
   -0.0000   -2.2500   -0.0000 C   0  0  0  0  0  0  0  0  0  0  0  0
    1.2990   -3.0000   -0.0000 O   0  0  0  0  0  0  0  0  0  0  0  0
    1.2990   -4.5000   -0.0000 C   0  0  0  0  0  0  0  0  0  0  0  0
    2.5981   -5.2500   -0.0000 C   0  0  0  0  0  0  0  0  0  0  0  0
    2.5981   -6.7500   -0.0000 C   0  0  0  0  0  0  0  0  0  0  0  0
    3.8971   -7.5000   -0.0000 C   0  0  0  0  0  0  0  0  0  0  0  0
    5.1962   -6.7500   -0.0000 C   0  0  0  0  0  0  0  0  0  0  0  0
    5.1962   -5.2500   -0.0000 C   0  0  0  0  0  0  0  0  0  0  0  0
    3.8971   -4.5000   -0.0000 C   0  0  0  0  0  0  0  0  0  0  0  0
   -1.2990   -4.5000   -0.0000 O   0  0  0  0  0  0  0  0  0  0  0  0
   -2.5981   -5.2500   -0.0000 C   0  0  0  0  0  0  0  0  0  0  0  0
   -2.5981   -6.7500   -0.0000 C   0  0  0  0  0  0  0  0  0  0  0  0
   -3.8971   -7.5000   -0.0000 C   0  0  0  0  0  0  0  0  0  0  0  0
   -3.8971   -9.0000   -0.0000 C   0  0  0  0  0  0  0  0  0  0  0  0
   -2.5981   -9.7500   -0.0000 C   0  0  0  0  0  0  0  0  0  0  0  0
   -1.2990   -9.0000   -0.0000 C   0  0  0  0  0  0  0  0  0  0  0  0
   -1.2990   -7.5000   -0.0000 C   0  0  0  0  0  0  0  0  0  0  0  0
   -3.8971   -3.0000   -0.0000 C   0  0  0  0  0  0  0  0  0  0  0  0
   -3.8971   -4.5000   -0.0000 O   0  0  0  0  0  0  0  0  0  0  0  0
   -3.8971    0.0000   -0.0000 O   0  0  0  0  0  0  0  0  0  0  0  0
   -1.2990    1.5000   -0.0000 O   0  0  0  0  0  0  0  0  0  0  0  0
   -2.5981    2.2500   -0.0000 Si  0  0  0  0  0  0  0  0  0  0  0  0
   -3.3480    0.9510   -0.0000 C   0  0  0  0  0  0  0  0  0  0  0  0
   -4.0980    2.2500   -0.0000 C   0  0  0  0  0  0  0  0  0  0  0  0
   -2.5981    3.7500   -0.0000 C   0  0  0  0  0  0  0  0  0  0  0  0
   -1.0981    3.7500   -0.0000 C   0  0  0  0  0  0  0  0  0  0  0  0
   -2.5981    5.2500   -0.0000 C   0  0  0  0  0  0  0  0  0  0  0  0
   -4.0981    3.7500   -0.0000 C   0  0  0  0  0  0  0  0  0  0  0  0
  1  2  1  0  0  0  0
  2  3  2  0  0  0  0
  3  4  1  0  0  0  0
  4  5  2  0  0  0  0
  5  6  1  0  0  0  0
  6  7  2  0  0  0  0
  2  7  1  0  0  0  0
  1  8  1  0  0  0  0
  9  8  1  1  0  0  0
 10  9  1  0  0  0  0
 11 10  1  0  0  0  0
 12 11  1  0  0  0  0
 13 12  1  0  0  0  0
 14 13  1  0  0  0  0
  9 14  1  0  0  0  0
 14 15  1  6  0  0  0
 15 16  1  0  0  0  0
 16 17  1  0  0  0  0
 17 18  2  0  0  0  0
 18 19  1  0  0  0  0
 19 20  2  0  0  0  0
 20 21  1  0  0  0  0
 21 22  2  0  0  0  0
 17 22  1  0  0  0  0
 13 23  1  6  0  0  0
 23 24  1  0  0  0  0
 24 25  1  0  0  0  0
 25 26  2  0  0  0  0
 26 27  1  0  0  0  0
 27 28  2  0  0  0  0
 28 29  1  0  0  0  0
 29 30  2  0  0  0  0
 25 30  1  0  0  0  0
 12 31  1  1  0  0  0
 31 32  1  0  0  0  0
 11 33  1  6  0  0  0
 10 34  1  6  0  0  0
 34 35  1  0  0  0  0
 35 36  1  0  0  0  0
 35 37  1  0  0  0  0
 35 38  1  0  0  0  0
 38 39  1  0  0  0  0
 38 40  1  0  0  0  0
 38 41  1  0  0  0  0
M  END

