Message:
openmolecules.org MolfileCreator 1.0

 17 17  0  0  1  0  0  0  0  0999 V2000
    2.5981    1.0000   -0.0000 O   0  0  0  0  0  0  0  0  0  0  0  0
    2.5981    0.0000   -0.0000 C   0  0  0  0  0  0  0  0  0  0  0  0
    1.7321   -0.5000   -0.0000 C   0  0  0  0  0  0  0  0  0  0  0  0
    1.7321   -1.5000   -0.0000 C   0  0  0  0  0  0  0  0  0  0  0  0
    2.5981   -2.0000   -0.0000 C   0  0  0  0  0  0  0  0  0  0  0  0
    3.4641   -1.5000   -0.0000 C   0  0  0  0  0  0  0  0  0  0  0  0
    3.4641   -0.5000   -0.0000 C   0  0  0  0  0  0  0  0  0  0  0  0
    4.3301    0.0000   -0.0000 O   0  0  0  0  0  0  0  0  0  0  0  0
    4.3301   -2.0000   -0.0000 O   0  0  0  0  0  0  0  0  0  0  0  0
    2.5981   -3.0000   -0.0000 O   0  0  0  0  0  0  0  0  0  0  0  0
    0.8660   -2.0000   -0.0000 C   0  0  0  0  0  0  0  0  0  0  0  0
    0.8660   -3.0000   -0.0000 O   0  0  0  0  0  0  0  0  0  0  0  0
    0.8660   -0.0000   -0.0000 C   0  0  0  0  0  0  0  0  0  0  0  0
    0.0000   -0.5000   -0.0000 S   0  0  0  0  0  0  0  0  0  0  0  0
   -0.5000    0.3660   -0.0000 O   0  0  0  0  0  0  0  0  0  0  0  0
    0.5000   -1.3660   -0.0000 O   0  0  0  0  0  0  0  0  0  0  0  0
   -0.8660   -1.0000   -0.0000 O   0  0  0  0  0  0  0  0  0  0  0  0
  2  1  1  6  0  0  0
  3  2  1  0  0  0  0
  4  3  1  0  0  0  0
  5  4  1  0  0  0  0
  6  5  1  0  0  0  0
  7  6  1  0  0  0  0
  2  7  1  0  0  0  0
  7  8  1  1  0  0  0
  6  9  1  1  0  0  0
  5 10  1  6  0  0  0
  4 11  1  1  0  0  0
 11 12  1  0  0  0  0
  3 13  1  6  0  0  0
 13 14  1  0  0  0  0
 14 15  2  0  0  0  0
 14 16  2  0  0  0  0
 14 17  1  0  0  0  0
M  CHG  1  17  -1
M  END

