Message:
openmolecules.org MolfileCreator 1.0

 30 31  0  0  0  0  0  0  0  0999 V2000
    4.3301    6.0000   -0.0000 C   0  0  0  0  0  0  0  0  0  0  0  0
    5.1962    5.5000   -0.0000 N   0  0  0  0  0  0  0  0  0  0  0  0
    5.1962    4.5000   -0.0000 C   0  0  0  0  0  0  0  0  0  0  0  0
    4.3301    4.0000   -0.0000 C   0  0  0  0  0  0  0  0  0  0  0  0
    4.3301    3.0000   -0.0000 C   0  0  0  0  0  0  0  0  0  0  0  0
    5.1962    2.5000   -0.0000 C   0  0  0  0  0  0  0  0  0  0  0  0
    5.1962    1.5000   -0.0000 C   0  0  0  0  0  0  0  0  0  0  0  0
    6.0622    1.0000   -0.0000 C   0  0  0  0  0  0  0  0  0  0  0  0
    6.0622   -0.0000   -0.0000 C   0  0  0  0  0  0  0  0  0  0  0  0
    5.1962   -0.5000   -0.0000 C   0  0  0  0  0  0  0  0  0  0  0  0
    5.1962   -1.5000   -0.0000 O   0  0  0  0  0  0  0  0  0  0  0  0
    4.3301   -0.0000   -0.0000 O   0  0  0  0  0  0  0  0  0  0  0  0
    3.4641   -0.5000   -0.0000 C   0  0  0  0  0  0  0  0  0  0  0  0
    2.5981   -0.0000   -0.0000 C   0  0  0  0  0  0  0  0  0  0  0  0
    1.7321   -0.5000   -0.0000 N   0  0  0  0  0  0  0  0  0  0  0  0
    1.7321   -1.5000   -0.0000 C   0  0  0  0  0  0  0  0  0  0  0  0
    2.5981   -2.0000   -0.0000 C   0  0  0  0  0  0  0  0  0  0  0  0
    0.8660   -0.0000   -0.0000 C   0  0  0  0  0  0  0  0  0  0  0  0
    0.0000   -0.5000   -0.0000 C   0  0  0  0  0  0  0  0  0  0  0  0
    6.9282   -0.5000   -0.0000 C   0  0  0  0  0  0  0  0  0  0  0  0
    7.7942   -0.0000   -0.0000 C   0  0  0  0  0  0  0  0  0  0  0  0
    7.7942    1.0000   -0.0000 C   0  0  0  0  0  0  0  0  0  0  0  0
    6.9282    1.5000   -0.0000 C   0  0  0  0  0  0  0  0  0  0  0  0
    8.6603    1.5000   -0.0000 N   0  0  0  0  0  0  0  0  0  0  0  0
    9.5263    1.0000   -0.0000 C   0  0  0  0  0  0  0  0  0  0  0  0
    8.6603    2.5000   -0.0000 C   0  0  0  0  0  0  0  0  0  0  0  0
    6.0622    3.0000   -0.0000 C   0  0  0  0  0  0  0  0  0  0  0  0
    6.0622    4.0000   -0.0000 C   0  0  0  0  0  0  0  0  0  0  0  0
    3.4641    2.5000   -0.0000 I   0  0  0  0  0  0  0  0  0  0  0  0
    6.0622    6.0000   -0.0000 C   0  0  0  0  0  0  0  0  0  0  0  0
  1  2  1  0  0  0  0
  2  3  1  0  0  0  0
  3  4  2  0  0  0  0
  4  5  1  0  0  0  0
  5  6  2  0  0  0  0
  6  7  1  0  0  0  0
  7  8  1  0  0  0  0
  8  9  2  0  0  0  0
  9 10  1  0  0  0  0
 10 11  2  0  0  0  0
 10 12  1  0  0  0  0
 12 13  1  0  0  0  0
 13 14  1  0  0  0  0
 14 15  1  0  0  0  0
 15 16  1  0  0  0  0
 16 17  1  0  0  0  0
 15 18  1  0  0  0  0
 18 19  1  0  0  0  0
  9 20  1  0  0  0  0
 20 21  2  0  0  0  0
 21 22  1  0  0  0  0
 22 23  2  0  0  0  0
  8 23  1  0  0  0  0
 22 24  1  0  0  0  0
 24 25  1  0  0  0  0
 24 26  1  0  0  0  0
  6 27  1  0  0  0  0
 27 28  2  0  0  0  0
  3 28  1  0  0  0  0
  5 29  1  0  0  0  0
  2 30  1  0  0  0  0
M  END

