Message:
openmolecules.org MolfileCreator 1.0

 27 31  0  0  0  0  0  0  0  0999 V2000
    4.6888    1.2071   -0.0000 C   0  0  0  0  0  0  0  0  0  0  0  0
    3.8228    0.7071   -0.0000 C   0  0  0  0  0  0  0  0  0  0  0  0
    2.8569    0.9659   -0.0000 C   0  0  0  0  0  0  0  0  0  0  0  0
    2.5981   -0.0000   -0.0000 C   0  0  0  0  0  0  0  0  0  0  0  0
    3.5640   -0.2588   -0.0000 C   0  0  0  0  0  0  0  0  0  0  0  0
    1.7321   -0.5000   -0.0000 C   0  0  0  0  0  0  0  0  0  0  0  0
    0.8660   -0.0000   -0.0000 N   0  0  0  0  0  0  0  0  0  0  0  0
    0.0000   -0.5000   -0.0000 O   0  0  0  0  0  0  0  0  0  0  0  0
    1.7321   -1.5000   -0.0000 C   0  0  0  0  0  0  0  0  0  0  0  0
    0.9230   -2.0878   -0.0000 C   0  0  0  0  0  0  0  0  0  0  0  0
    1.2321   -3.0388   -0.0000 C   0  0  0  0  0  0  0  0  0  0  0  0
    2.2321   -3.0388   -0.0000 C   0  0  0  0  0  0  0  0  0  0  0  0
    2.5411   -2.0878   -0.0000 O   0  0  0  0  0  0  0  0  0  0  0  0
    2.7321   -3.9049   -0.0000 C   0  0  0  0  0  0  0  0  0  0  0  0
    2.2321   -4.7709   -0.0000 C   0  0  0  0  0  0  0  0  0  0  0  0
    1.2321   -4.7709   -0.0000 C   0  0  0  0  0  0  0  0  0  0  0  0
    0.7321   -5.6369   -0.0000 C   0  0  0  0  0  0  0  0  0  0  0  0
   -0.2679   -5.6369   -0.0000 C   0  0  0  0  0  0  0  0  0  0  0  0
   -0.7679   -4.7709   -0.0000 C   0  0  0  0  0  0  0  0  0  0  0  0
   -0.2679   -3.9049   -0.0000 C   0  0  0  0  0  0  0  0  0  0  0  0
    0.7321   -3.9049   -0.0000 C   0  0  0  0  0  0  0  0  0  0  0  0
    3.6923    1.6986   -0.0000 C   0  0  0  0  0  0  0  0  0  0  0  0
    4.4856    2.3073   -0.0000 C   0  0  0  0  0  0  0  0  0  0  0  0
    4.3551    3.2988   -0.0000 C   0  0  0  0  0  0  0  0  0  0  0  0
    3.4312    3.6814   -0.0000 C   0  0  0  0  0  0  0  0  0  0  0  0
    2.6379    3.0727   -0.0000 C   0  0  0  0  0  0  0  0  0  0  0  0
    2.7684    2.0812   -0.0000 C   0  0  0  0  0  0  0  0  0  0  0  0
  1  2  1  0  0  0  0
  2  3  1  0  0  0  0
  3  4  1  0  0  0  0
  4  5  1  0  0  0  0
  2  5  1  0  0  0  0
  4  6  1  0  0  0  0
  6  7  2  0  0  0  0
  7  8  1  0  0  0  0
  6  9  1  0  0  0  0
  9 10  2  0  0  0  0
 10 11  1  0  0  0  0
 11 12  2  0  0  0  0
 12 13  1  0  0  0  0
  9 13  1  0  0  0  0
 12 14  1  0  0  0  0
 14 15  2  0  0  0  0
 15 16  1  0  0  0  0
 16 17  2  0  0  0  0
 17 18  1  0  0  0  0
 18 19  2  0  0  0  0
 19 20  1  0  0  0  0
 20 21  2  0  0  0  0
 16 21  1  0  0  0  0
 11 21  1  0  0  0  0
  2 22  1  0  0  0  0
 22 23  2  0  0  0  0
 23 24  1  0  0  0  0
 24 25  2  0  0  0  0
 25 26  1  0  0  0  0
 26 27  2  0  0  0  0
 22 27  1  0  0  0  0
M  END

