Message:
openmolecules.org MolfileCreator 1.0

 20 23  0  0  0  0  0  0  0  0999 V2000
    4.8494   -2.7194   -0.0000 O   0  0  0  0  0  0  0  0  0  0  0  0
    4.4638   -1.7968   -0.0000 C   0  0  0  0  0  0  0  0  0  0  0  0
    4.9836   -0.9425   -0.0000 N   0  0  0  0  0  0  0  0  0  0  0  0
    3.4907   -1.5664   -0.0000 C   0  0  0  0  0  0  0  0  0  0  0  0
    4.3318   -0.1841   -0.0000 C   0  0  0  0  0  0  0  0  0  0  0  0
    3.4091   -0.5697   -0.0000 C   0  0  0  0  0  0  0  0  0  0  0  0
    2.5633   -2.0195   -0.0000 C   0  0  0  0  0  0  0  0  0  0  0  0
    4.4592    0.8077   -0.0000 C   0  0  0  0  0  0  0  0  0  0  0  0
    2.6138    0.0365   -0.0000 C   0  0  0  0  0  0  0  0  0  0  0  0
    1.7090   -1.4997   -0.0000 C   0  0  0  0  0  0  0  0  0  0  0  0
    3.6639    1.4140   -0.0000 C   0  0  0  0  0  0  0  0  0  0  0  0
    1.7321   -0.5000   -0.0000 C   0  0  0  0  0  0  0  0  0  0  0  0
    2.7412    1.0284   -0.0000 C   0  0  0  0  0  0  0  0  0  0  0  0
    0.8317   -1.9797   -0.0000 O   0  0  0  0  0  0  0  0  0  0  0  0
    3.7913    2.4058   -0.0000 C   0  0  0  0  0  0  0  0  0  0  0  0
    0.8660   -0.0000   -0.0000 O   0  0  0  0  0  0  0  0  0  0  0  0
    1.9460    1.6346   -0.0000 C   0  0  0  0  0  0  0  0  0  0  0  0
    2.9960    3.0121   -0.0000 C   0  0  0  0  0  0  0  0  0  0  0  0
    0.0000   -0.5000   -0.0000 C   0  0  0  0  0  0  0  0  0  0  0  0
    2.0734    2.6265   -0.0000 C   0  0  0  0  0  0  0  0  0  0  0  0
  1  2  2  0  0  0  0
  2  3  1  0  0  0  0
  2  4  1  0  0  0  0
  3  5  1  0  0  0  0
  4  6  1  0  0  0  0
  4  7  2  0  0  0  0
  5  8  1  0  0  0  0
  6  9  1  0  0  0  0
  7 10  1  0  0  0  0
  8 11  2  0  0  0  0
  9 12  1  0  0  0  0
  9 13  2  0  0  0  0
 10 14  1  0  0  0  0
 11 15  1  0  0  0  0
 12 16  1  0  0  0  0
 13 17  1  0  0  0  0
 15 18  2  0  0  0  0
 16 19  1  0  0  0  0
 17 20  2  0  0  0  0
  5  6  2  0  0  0  0
 10 12  2  0  0  0  0
 11 13  1  0  0  0  0
 18 20  1  0  0  0  0
M  END

