Message:
openmolecules.org MolfileCreator 1.0

 19 19  0  0  0  0  0  0  0  0999 V2000
   11.6913   -0.0000   -0.0000 C   0  0  0  0  0  0  0  0  0  0  0  0
   12.9904   -0.7500   -0.0000 C   0  0  0  0  0  0  0  0  0  0  0  0
   11.6913    1.5000   -0.0000 O   0  0  0  0  0  0  0  0  0  0  0  0
   10.3923   -0.7500   -0.0000 O   0  0  0  0  0  0  0  0  0  0  0  0
    9.0933   -0.0000   -0.0000 C   0  0  0  0  0  0  0  0  0  0  0  0
    9.0933    1.5000   -0.0000 C   0  0  0  0  0  0  0  0  0  0  0  0
    7.7942    2.2500   -0.0000 C   0  0  0  0  0  0  0  0  0  0  0  0
    7.6374    3.7418   -0.0000 O   0  0  0  0  0  0  0  0  0  0  0  0
    6.1702    4.0537   -0.0000 C   0  0  0  0  0  0  0  0  0  0  0  0
    5.4202    2.7546   -0.0000 C   0  0  0  0  0  0  0  0  0  0  0  0
    6.4239    1.6399   -0.0000 C   0  0  0  0  0  0  0  0  0  0  0  0
    7.7157    0.7521   -0.0000 C   0  0  0  0  0  0  0  0  0  0  0  0
    7.7942   -0.7500   -0.0000 C   0  0  0  0  0  0  0  0  0  0  0  0
    6.4952   -0.0000   -0.0000 C   0  0  0  0  0  0  0  0  0  0  0  0
    5.1962   -0.7500   -0.0000 C   0  0  0  0  0  0  0  0  0  0  0  0
    3.8971   -0.0000   -0.0000 C   0  0  0  0  0  0  0  0  0  0  0  0
    2.5981   -0.7500   -0.0000 C   0  0  0  0  0  0  0  0  0  0  0  0
    1.2990   -0.0000   -0.0000 C   0  0  0  0  0  0  0  0  0  0  0  0
    0.0000   -0.7500   -0.0000 C   0  0  0  0  0  0  0  0  0  0  0  0
  1  2  1  0  0  0  0
  1  3  2  0  0  0  0
  1  4  1  0  0  0  0
  4  5  1  0  0  0  0
  5  6  1  0  0  0  0
  6  7  1  0  0  0  0
  7  8  1  0  0  0  0
  8  9  1  0  0  0  0
  9 10  1  0  0  0  0
 10 11  1  0  0  0  0
  7 11  1  0  0  0  0
  7 12  1  0  0  0  0
  5 13  1  0  0  0  0
 13 14  1  0  0  0  0
 14 15  1  0  0  0  0
 15 16  1  0  0  0  0
 16 17  1  0  0  0  0
 17 18  1  0  0  0  0
 18 19  1  0  0  0  0
M  END

