Message:
openmolecules.org MolfileCreator 1.0

 41 45  0  0  0  0  0  0  0  0999 V2000
    0.0000   -0.0000   -0.0000 O   0  0  0  0  0  0  0  0  0  0  0  0
    0.0000   -1.4861   -0.0000 C   0  0  0  0  0  0  0  0  0  0  0  0
   -1.3077    0.7609   -0.0000 C   0  0  0  0  0  0  0  0  0  0  0  0
    1.2958   -2.2231   -0.0000 O   0  0  0  0  0  0  0  0  0  0  0  0
   -1.3196   -2.2350   -0.0000 C   0  0  0  0  0  0  0  0  0  0  0  0
   -2.6274    0.0238   -0.0000 C   0  0  0  0  0  0  0  0  0  0  0  0
   -1.3196    2.2707   -0.0000 C   0  0  0  0  0  0  0  0  0  0  0  0
    2.5798   -1.4623   -0.0000 C   0  0  0  0  0  0  0  0  0  0  0  0
   -1.3315   -3.7211   -0.0000 O   0  0  0  0  0  0  0  0  0  0  0  0
   -2.6392   -1.4623   -0.0000 C   0  0  0  0  0  0  0  0  0  0  0  0
   -3.9351    0.7846   -0.0000 O   0  0  0  0  0  0  0  0  0  0  0  0
   -0.0238    3.0316   -0.0000 O   0  0  0  0  0  0  0  0  0  0  0  0
    3.8638   -2.1994   -0.0000 C   0  0  0  0  0  0  0  0  0  0  0  0
    2.5679    0.0476   -0.0000 C   0  0  0  0  0  0  0  0  0  0  0  0
   -3.9589   -2.1994   -0.0000 O   0  0  0  0  0  0  0  0  0  0  0  0
    5.1477   -1.4385   -0.0000 C   0  0  0  0  0  0  0  0  0  0  0  0
    3.8519    0.8203   -0.0000 C   0  0  0  0  0  0  0  0  0  0  0  0
    6.4317   -2.1756   -0.0000 C   0  0  0  0  0  0  0  0  0  0  0  0
    5.1477    0.0713   -0.0000 C   0  0  0  0  0  0  0  0  0  0  0  0
    7.7275   -1.4266   -0.0000 C   0  0  0  0  0  0  0  0  0  0  0  0
    6.4317    0.8322   -0.0000 C   0  0  0  0  0  0  0  0  0  0  0  0
    5.1239    1.5812   -0.0000 C   0  0  0  0  0  0  0  0  0  0  0  0
    7.7156    0.0832   -0.0000 C   0  0  0  0  0  0  0  0  0  0  0  0
    6.4317    2.3420   -0.0000 C   0  0  0  0  0  0  0  0  0  0  0  0
    9.0115    0.8322   -0.0000 C   0  0  0  0  0  0  0  0  0  0  0  0
    7.7275    3.0910   -0.0000 C   0  0  0  0  0  0  0  0  0  0  0  0
    9.0115    2.3420   -0.0000 C   0  0  0  0  0  0  0  0  0  0  0  0
   10.4143    0.3685   -0.0000 C   0  0  0  0  0  0  0  0  0  0  0  0
   10.4262    2.8057   -0.0000 C   0  0  0  0  0  0  0  0  0  0  0  0
    8.9877    3.8638   -0.0000 C   0  0  0  0  0  0  0  0  0  0  0  0
   11.2941    1.5812   -0.0000 C   0  0  0  0  0  0  0  0  0  0  0  0
   10.4024    4.3274   -0.0000 C   0  0  0  0  0  0  0  0  0  0  0  0
   11.6864    5.1002   -0.0000 C   0  0  0  0  0  0  0  0  0  0  0  0
    9.0828    5.0764   -0.0000 C   0  0  0  0  0  0  0  0  0  0  0  0
   12.9822    4.3750   -0.0000 C   0  0  0  0  0  0  0  0  0  0  0  0
   14.2662    5.1477   -0.0000 C   0  0  0  0  0  0  0  0  0  0  0  0
   15.5620    4.4225   -0.0000 C   0  0  0  0  0  0  0  0  0  0  0  0
   14.2424    6.6576   -0.0000 C   0  0  0  0  0  0  0  0  0  0  0  0
   16.8460    5.1953   -0.0000 C   0  0  0  0  0  0  0  0  0  0  0  0
   15.5620    2.9365   -0.0000 C   0  0  0  0  0  0  0  0  0  0  0  0
   15.5264    7.4303   -0.0000 C   0  0  0  0  0  0  0  0  0  0  0  0
  1  2  1  0  0  0  0
  1  3  1  0  0  0  0
  2  4  1  6  0  0  0
  2  5  1  0  0  0  0
  3  6  1  0  0  0  0
  3  7  1  6  0  0  0
  8  4  1  6  0  0  0
  5  9  1  1  0  0  0
  5 10  1  0  0  0  0
  6 11  1  1  0  0  0
  7 12  1  0  0  0  0
  8 13  1  0  0  0  0
  8 14  1  0  0  0  0
 10 15  1  6  0  0  0
 13 16  1  0  0  0  0
 14 17  1  0  0  0  0
 16 18  2  0  0  0  0
 16 19  1  0  0  0  0
 18 20  1  0  0  0  0
 19 21  1  0  0  0  0
 19 22  1  6  0  0  0
 23 20  1  1  0  0  0
 21 24  1  6  0  0  0
 23 25  1  0  0  0  0
 24 26  1  0  0  0  0
 25 27  1  0  0  0  0
 25 28  1  6  0  0  0
 27 29  1  0  0  0  0
 27 30  1  6  0  0  0
 28 31  1  0  0  0  0
 29 32  1  0  0  0  0
 32 33  1  0  0  0  0
 32 34  1  1  0  0  0
 33 35  2  0  0  0  0
 36 35  1  6  0  0  0
 36 37  1  0  0  0  0
 36 38  1  0  0  0  0
 37 39  1  0  0  0  0
 37 40  1  0  0  0  0
 38 41  1  0  0  0  0
  6 10  1  0  0  0  0
 17 19  1  0  0  0  0
 21 23  1  0  0  0  0
 26 27  1  0  0  0  0
 29 31  1  6  0  0  0
M  END

