Message:
openmolecules.org MolfileCreator 1.0

 14 16  0  0  0  0  0  0  0  0999 V2000
    0.8660   -0.0000   -0.0000 C   0  0  0  0  0  0  0  0  0  0  0  0
    0.0000   -0.5000   -0.0000 C   0  0  0  0  0  0  0  0  0  0  0  0
   -0.1045   -1.4945   -0.0000 C   0  0  0  0  0  0  0  0  0  0  0  0
   -1.0827   -1.7024   -0.0000 N   0  0  0  0  0  0  0  0  0  0  0  0
   -1.5827   -0.8364   -0.0000 C   0  0  0  0  0  0  0  0  0  0  0  0
   -2.5608   -1.0443   -0.0000 N   0  0  0  0  0  0  0  0  0  0  0  0
   -2.6654   -2.0388   -0.0000 C   0  0  0  0  0  0  0  0  0  0  0  0
   -1.7518   -2.4456   -0.0000 C   0  0  0  0  0  0  0  0  0  0  0  0
   -1.6473   -3.4401   -0.0000 C   0  0  0  0  0  0  0  0  0  0  0  0
   -2.4563   -4.0279   -0.0000 C   0  0  0  0  0  0  0  0  0  0  0  0
   -3.3698   -3.6211   -0.0000 C   0  0  0  0  0  0  0  0  0  0  0  0
   -3.4744   -2.6266   -0.0000 C   0  0  0  0  0  0  0  0  0  0  0  0
   -0.9135   -0.0933   -0.0000 S   0  0  0  0  0  0  0  0  0  0  0  0
    0.6386   -2.1637   -0.0000 C   0  0  0  0  0  0  0  0  0  0  0  0
  1  2  1  0  0  0  0
  2  3  2  0  0  0  0
  3  4  1  0  0  0  0
  4  5  1  0  0  0  0
  5  6  2  0  0  0  0
  6  7  1  0  0  0  0
  7  8  2  0  0  0  0
  4  8  1  0  0  0  0
  8  9  1  0  0  0  0
  9 10  2  0  0  0  0
 10 11  1  0  0  0  0
 11 12  2  0  0  0  0
  7 12  1  0  0  0  0
  5 13  1  0  0  0  0
  2 13  1  0  0  0  0
  3 14  1  0  0  0  0
M  END

