Message:
openmolecules.org MolfileCreator 1.0

 18 18  0  0  0  0  0  0  0  0999 V2000
    5.8914   -2.4600   -0.0000 N   0  0  0  0  0  0  0  0  0  0  0  0
    5.3914   -1.5939   -0.0000 N   0  0  0  0  0  0  0  0  0  0  0  0
    5.8914   -0.7279   -0.0000 C   0  0  0  0  0  0  0  0  0  0  0  0
    6.8914   -0.7279   -0.0000 S   0  0  0  0  0  0  0  0  0  0  0  0
    5.3914    0.1381   -0.0000 N   0  0  0  0  0  0  0  0  0  0  0  0
    0.8313   -0.4390   -0.0000 Cl  0  0  0  0  0  0  0  0  0  0  0  0
    1.7824   -0.7480   -0.0000 C   0  0  0  0  0  0  0  0  0  0  0  0
    2.0914   -1.6990   -0.0000 C   0  0  0  0  0  0  0  0  0  0  0  0
    3.0914   -1.6990   -0.0000 C   0  0  0  0  0  0  0  0  0  0  0  0
    3.4004   -0.7480   -0.0000 S   0  0  0  0  0  0  0  0  0  0  0  0
    2.5914   -0.1602   -0.0000 C   0  0  0  0  0  0  0  0  0  0  0  0
    2.5914    0.8398   -0.0000 C   0  0  0  0  0  0  0  0  0  0  0  0
    3.4574    1.3398   -0.0000 O   0  0  0  0  0  0  0  0  0  0  0  0
    1.7254    1.3398   -0.0000 O   0  0  0  0  0  0  0  0  0  0  0  0
    3.5914   -2.5651   -0.0000 C   0  0  0  0  0  0  0  0  0  0  0  0
    3.0914   -3.4311   -0.0000 C   0  0  0  0  0  0  0  0  0  0  0  0
    2.0914   -3.4311   -0.0000 C   0  0  0  0  0  0  0  0  0  0  0  0
    1.5914   -2.5651   -0.0000 C   0  0  0  0  0  0  0  0  0  0  0  0
  1  2  1  0  0  0  0
  2  3  1  0  0  0  0
  3  4  2  0  0  0  0
  3  5  1  0  0  0  0
  6  7  1  0  0  0  0
  7  8  1  0  0  0  0
  8  9  2  0  0  0  0
  9 10  1  0  0  0  0
 10 11  1  0  0  0  0
  7 11  2  0  0  0  0
 11 12  1  0  0  0  0
 12 13  2  0  0  0  0
 12 14  1  0  0  0  0
  9 15  1  0  0  0  0
 15 16  2  0  0  0  0
 16 17  1  0  0  0  0
 17 18  2  0  0  0  0
  8 18  1  0  0  0  0
M  END

