Message:
openmolecules.org MolfileCreator 1.0

 17 18  0  0  0  0  0  0  0  0999 V2000
    4.3092   -0.7319   -0.0000 C   0  0  0  0  0  0  0  0  0  0  0  0
    3.3147   -0.8364   -0.0000 N   0  0  0  0  0  0  0  0  0  0  0  0
    2.6456   -0.0933   -0.0000 C   0  0  0  0  0  0  0  0  0  0  0  0
    1.7321   -0.5000   -0.0000 C   0  0  0  0  0  0  0  0  0  0  0  0
    1.8366   -1.4945   -0.0000 C   0  0  0  0  0  0  0  0  0  0  0  0
    2.8147   -1.7024   -0.0000 C   0  0  0  0  0  0  0  0  0  0  0  0
    1.0934   -2.1637   -0.0000 O   0  0  0  0  0  0  0  0  0  0  0  0
    0.8660   -0.0000   -0.0000 C   0  0  0  0  0  0  0  0  0  0  0  0
    0.8660    1.0000   -0.0000 C   0  0  0  0  0  0  0  0  0  0  0  0
    1.7321    1.5000   -0.0000 C   0  0  0  0  0  0  0  0  0  0  0  0
    1.7321    2.5000   -0.0000 C   0  0  0  0  0  0  0  0  0  0  0  0
    0.8660    3.0000   -0.0000 C   0  0  0  0  0  0  0  0  0  0  0  0
    0.0000    2.5000   -0.0000 C   0  0  0  0  0  0  0  0  0  0  0  0
    0.0000    1.5000   -0.0000 C   0  0  0  0  0  0  0  0  0  0  0  0
    0.8660    4.0000   -0.0000 Cl  0  0  0  0  0  0  0  0  0  0  0  0
    0.0000   -0.5000   -0.0000 O   0  0  0  0  0  0  0  0  0  0  0  0
    2.8535    0.8849   -0.0000 O   0  0  0  0  0  0  0  0  0  0  0  0
  1  2  1  0  0  0  0
  2  3  1  0  0  0  0
  3  4  1  0  0  0  0
  4  5  1  0  0  0  0
  5  6  1  0  0  0  0
  2  6  1  0  0  0  0
  5  7  2  0  0  0  0
  4  8  2  3  0  0  0
  8  9  1  0  0  0  0
  9 10  2  0  0  0  0
 10 11  1  0  0  0  0
 11 12  2  0  0  0  0
 12 13  1  0  0  0  0
 13 14  2  0  0  0  0
  9 14  1  0  0  0  0
 12 15  1  0  0  0  0
  8 16  1  0  0  0  0
  3 17  2  0  0  0  0
M  END

