Message:
openmolecules.org MolfileCreator 1.0

 15 14  0  0  0  0  0  0  0  0999 V2000
    9.0933   -0.0000   -0.0000 C   0  0  0  0  0  0  0  0  0  0  0  0
   10.3923   -0.7500   -0.0000 C   0  0  0  0  0  0  0  0  0  0  0  0
   11.6914   -0.0000   -0.0000 C   0  0  0  0  0  0  0  0  0  0  0  0
   12.9904   -0.7500   -0.0000 C   0  0  0  0  0  0  0  0  0  0  0  0
   14.2895   -0.0000   -0.0000 C   0  0  0  0  0  0  0  0  0  0  0  0
   15.5885   -0.7500   -0.0000 C   0  0  0  0  0  0  0  0  0  0  0  0
    7.7943   -0.7500   -0.0000 S   0  0  0  0  0  0  0  0  0  0  0  0
    7.0443   -2.0490   -0.0000 O   0  0  0  0  0  0  0  0  0  0  0  0
    8.5443   -2.0490   -0.0000 N   0  0  0  0  0  0  0  0  0  0  0  0
    6.4952   -0.0000   -0.0000 C   0  0  0  0  0  0  0  0  0  0  0  0
    5.1962   -0.7500   -0.0000 C   0  0  0  0  0  0  0  0  0  0  0  0
    3.8971   -0.0000   -0.0000 C   0  0  0  0  0  0  0  0  0  0  0  0
    2.5981   -0.7500   -0.0000 C   0  0  0  0  0  0  0  0  0  0  0  0
    1.2990   -0.0000   -0.0000 C   0  0  0  0  0  0  0  0  0  0  0  0
    0.0000   -0.7500   -0.0000 C   0  0  0  0  0  0  0  0  0  0  0  0
  1  2  1  0  0  0  0
  2  3  1  0  0  0  0
  3  4  1  0  0  0  0
  4  5  1  0  0  0  0
  5  6  1  0  0  0  0
  1  7  1  0  0  0  0
  7  8  2  0  0  0  0
  7  9  2  0  0  0  0
  7 10  1  0  0  0  0
 10 11  1  0  0  0  0
 11 12  1  0  0  0  0
 12 13  1  0  0  0  0
 13 14  1  0  0  0  0
 14 15  1  0  0  0  0
M  END

