Message:
openmolecules.org MolfileCreator 1.0

 17 18  0  0  0  0  0  0  0  0999 V2000
    3.8971   -0.0000   -0.0000 C   0  0  0  0  0  0  0  0  0  0  0  0
    2.5981   -0.7500   -0.0000 O   0  0  0  0  0  0  0  0  0  0  0  0
    1.2990   -0.0000   -0.0000 C   0  0  0  0  0  0  0  0  0  0  0  0
    1.2990    1.5000   -0.0000 O   0  0  0  0  0  0  0  0  0  0  0  0
    0.0000   -0.7500   -0.0000 C   0  0  0  0  0  0  0  0  0  0  0  0
   -1.3703   -0.1399   -0.0000 C   0  0  0  0  0  0  0  0  0  0  0  0
   -2.3740   -1.2546   -0.0000 N   0  0  0  0  0  0  0  0  0  0  0  0
   -1.6240   -2.5537   -0.0000 C   0  0  0  0  0  0  0  0  0  0  0  0
   -0.1568   -2.2418   -0.0000 C   0  0  0  0  0  0  0  0  0  0  0  0
   -2.2341   -3.9240   -0.0000 O   0  0  0  0  0  0  0  0  0  0  0  0
   -3.8658   -1.0978   -0.0000 C   0  0  0  0  0  0  0  0  0  0  0  0
   -4.7475   -2.3113   -0.0000 C   0  0  0  0  0  0  0  0  0  0  0  0
   -6.2393   -2.1546   -0.0000 C   0  0  0  0  0  0  0  0  0  0  0  0
   -7.1209   -3.3681   -0.0000 C   0  0  0  0  0  0  0  0  0  0  0  0
   -6.5108   -4.7384   -0.0000 C   0  0  0  0  0  0  0  0  0  0  0  0
   -5.0190   -4.8952   -0.0000 C   0  0  0  0  0  0  0  0  0  0  0  0
   -4.1374   -3.6817   -0.0000 C   0  0  0  0  0  0  0  0  0  0  0  0
  1  2  1  0  0  0  0
  2  3  1  0  0  0  0
  3  4  2  0  0  0  0
  3  5  1  0  0  0  0
  5  6  1  0  0  0  0
  6  7  1  0  0  0  0
  7  8  1  0  0  0  0
  8  9  1  0  0  0  0
  5  9  1  0  0  0  0
  8 10  2  0  0  0  0
  7 11  1  0  0  0  0
 11 12  1  0  0  0  0
 12 13  2  0  0  0  0
 13 14  1  0  0  0  0
 14 15  2  0  0  0  0
 15 16  1  0  0  0  0
 16 17  2  0  0  0  0
 12 17  1  0  0  0  0
M  END

