Message:
openmolecules.org MolfileCreator 1.0

 20 21  0  0  0  0  0  0  0  0999 V2000
    3.8971   -0.0000   -0.0000 C   0  0  0  0  0  0  0  0  0  0  0  0
    5.1962   -0.7500   -0.0000 C   0  0  0  0  0  0  0  0  0  0  0  0
    6.4952   -0.0000   -0.0000 C   0  0  0  0  0  0  0  0  0  0  0  0
    7.7942   -0.7500   -0.0000 C   0  0  0  0  0  0  0  0  0  0  0  0
    7.7942   -2.2500   -0.0000 C   0  0  0  0  0  0  0  0  0  0  0  0
    9.0933   -3.0000   -0.0000 C   0  0  0  0  0  0  0  0  0  0  0  0
   10.3923   -2.2500   -0.0000 C   0  0  0  0  0  0  0  0  0  0  0  0
   10.3923   -0.7500   -0.0000 C   0  0  0  0  0  0  0  0  0  0  0  0
    9.0933   -0.0000   -0.0000 C   0  0  0  0  0  0  0  0  0  0  0  0
   11.6914   -3.0000   -0.0000 O   0  0  0  0  0  0  0  0  0  0  0  0
    3.8971    1.5000   -0.0000 O   0  0  0  0  0  0  0  0  0  0  0  0
    2.5981   -0.7500   -0.0000 O   0  0  0  0  0  0  0  0  0  0  0  0
    1.2990   -0.0000   -0.0000 C   0  0  0  0  0  0  0  0  0  0  0  0
    0.0000   -0.7500   -0.0000 C   0  0  0  0  0  0  0  0  0  0  0  0
   -1.3703   -0.1399   -0.0000 O   0  0  0  0  0  0  0  0  0  0  0  0
   -2.3740   -1.2546   -0.0000 C   0  0  0  0  0  0  0  0  0  0  0  0
   -1.6240   -2.5537   -0.0000 O   0  0  0  0  0  0  0  0  0  0  0  0
   -0.1568   -2.2418   -0.0000 C   0  0  0  0  0  0  0  0  0  0  0  0
   -3.5875   -0.3729   -0.0000 C   0  0  0  0  0  0  0  0  0  0  0  0
   -3.7443   -1.8647   -0.0000 C   0  0  0  0  0  0  0  0  0  0  0  0
  1  2  1  0  0  0  0
  2  3  2  0  0  0  0
  3  4  1  0  0  0  0
  4  5  2  0  0  0  0
  5  6  1  0  0  0  0
  6  7  2  0  0  0  0
  7  8  1  0  0  0  0
  8  9  2  0  0  0  0
  4  9  1  0  0  0  0
  7 10  1  0  0  0  0
  1 11  2  0  0  0  0
  1 12  1  0  0  0  0
 12 13  1  0  0  0  0
 13 14  1  0  0  0  0
 14 15  1  0  0  0  0
 15 16  1  0  0  0  0
 16 17  1  0  0  0  0
 17 18  1  0  0  0  0
 14 18  1  0  0  0  0
 16 19  1  0  0  0  0
 16 20  1  0  0  0  0
M  END

