Message:
openmolecules.org MolfileCreator 1.0

 23 25  0  0  0  0  0  0  0  0999 V2000
    3.8971   -0.0000   -0.0000 O   0  0  0  0  0  0  0  0  0  0  0  0
    2.5981   -0.7500   -0.0000 C   0  0  0  0  0  0  0  0  0  0  0  0
    1.2990   -0.0000   -0.0000 C   0  0  0  0  0  0  0  0  0  0  0  0
    0.0000   -0.7500   -0.0000 C   0  0  0  0  0  0  0  0  0  0  0  0
   -0.0000   -2.2500   -0.0000 C   0  0  0  0  0  0  0  0  0  0  0  0
   -1.2990   -3.0000   -0.0000 C   0  0  0  0  0  0  0  0  0  0  0  0
   -2.5981   -2.2500   -0.0000 C   0  0  0  0  0  0  0  0  0  0  0  0
   -3.7128   -3.2537   -0.0000 O   0  0  0  0  0  0  0  0  0  0  0  0
   -3.1027   -4.6240   -0.0000 C   0  0  0  0  0  0  0  0  0  0  0  0
   -1.6109   -4.4672   -0.0000 O   0  0  0  0  0  0  0  0  0  0  0  0
   -2.5981   -0.7500   -0.0000 C   0  0  0  0  0  0  0  0  0  0  0  0
   -1.2990    0.0000   -0.0000 C   0  0  0  0  0  0  0  0  0  0  0  0
   -1.2990    1.5000   -0.0000 N   0  0  0  0  0  0  0  0  0  0  0  0
    0.0000    2.2500   -0.0000 O   0  0  0  0  0  0  0  0  0  0  0  0
   -2.5981    2.2500   -0.0000 O   0  0  0  0  0  0  0  0  0  0  0  0
    2.5981   -2.2500   -0.0000 C   0  0  0  0  0  0  0  0  0  0  0  0
    1.2990   -3.0000   -0.0000 C   0  0  0  0  0  0  0  0  0  0  0  0
    1.2990   -4.5000   -0.0000 C   0  0  0  0  0  0  0  0  0  0  0  0
    2.5981   -5.2500   -0.0000 C   0  0  0  0  0  0  0  0  0  0  0  0
    2.5981   -6.7500   -0.0000 C   0  0  0  0  0  0  0  0  0  0  0  0
    2.5981   -8.2500   -0.0000 N   0  0  0  0  0  0  0  0  0  0  0  0
    3.8971   -4.5000   -0.0000 C   0  0  0  0  0  0  0  0  0  0  0  0
    3.8971   -3.0000   -0.0000 C   0  0  0  0  0  0  0  0  0  0  0  0
  1  2  1  0  0  0  0
  2  3  1  0  0  0  0
  3  4  1  0  0  0  0
  4  5  2  0  0  0  0
  5  6  1  0  0  0  0
  6  7  2  0  0  0  0
  7  8  1  0  0  0  0
  8  9  1  0  0  0  0
  9 10  1  0  0  0  0
  6 10  1  0  0  0  0
  7 11  1  0  0  0  0
 11 12  2  0  0  0  0
  4 12  1  0  0  0  0
 12 13  1  0  0  0  0
 13 14  2  0  0  0  0
 13 15  1  0  0  0  0
  2 16  1  0  0  0  0
 16 17  2  0  0  0  0
 17 18  1  0  0  0  0
 18 19  2  0  0  0  0
 19 20  1  0  0  0  0
 20 21  3  0  0  0  0
 19 22  1  0  0  0  0
 22 23  2  0  0  0  0
 16 23  1  0  0  0  0
M  CHG  2  13   1  15  -1
M  END

