Message:
openmolecules.org MolfileCreator 1.0

 35 37  0  0  0  0  0  0  0  0999 V2000
    4.3301   -0.0000   -0.0000 N   0  0  0  0  0  0  0  0  0  0  0  0
    3.4641   -0.5000   -0.0000 C   0  0  0  0  0  0  0  0  0  0  0  0
    3.4641   -1.5000   -0.0000 O   0  0  0  0  0  0  0  0  0  0  0  0
    2.5981   -0.0000   -0.0000 N   0  0  0  0  0  0  0  0  0  0  0  0
    1.7321   -0.5000   -0.0000 N   0  0  0  0  0  0  0  0  0  0  0  0
    0.8660   -0.0000   -0.0000 C   0  0  0  0  0  0  0  0  0  0  0  0
    0.8660    1.0000   -0.0000 C   0  0  0  0  0  0  0  0  0  0  0  0
    0.0000   -0.5000   -0.0000 C   0  0  0  0  0  0  0  0  0  0  0  0
   -0.8660    0.0000   -0.0000 C   0  0  0  0  0  0  0  0  0  0  0  0
   -1.7321   -0.5000   -0.0000 C   0  0  0  0  0  0  0  0  0  0  0  0
   -1.7321   -1.5000   -0.0000 C   0  0  0  0  0  0  0  0  0  0  0  0
   -0.8660   -2.0000   -0.0000 C   0  0  0  0  0  0  0  0  0  0  0  0
   -0.0000   -1.5000   -0.0000 C   0  0  0  0  0  0  0  0  0  0  0  0
   -2.5981   -2.0000   -0.0000 O   0  0  0  0  0  0  0  0  0  0  0  0
   -3.4641   -1.5000   -0.0000 C   0  0  0  0  0  0  0  0  0  0  0  0
   -4.3301   -2.0000   -0.0000 C   0  0  0  0  0  0  0  0  0  0  0  0
   -5.1962   -1.5000   -0.0000 C   0  0  0  0  0  0  0  0  0  0  0  0
   -6.0622   -2.0000   -0.0000 C   0  0  0  0  0  0  0  0  0  0  0  0
   -6.0622   -3.0000   -0.0000 C   0  0  0  0  0  0  0  0  0  0  0  0
   -5.1962   -3.5000   -0.0000 C   0  0  0  0  0  0  0  0  0  0  0  0
   -4.3301   -3.0000   -0.0000 C   0  0  0  0  0  0  0  0  0  0  0  0
   -6.9282   -3.5000   -0.0000 C   0  0  0  0  0  0  0  0  0  0  0  0
   -7.7942   -3.0000   -0.0000 O   0  0  0  0  0  0  0  0  0  0  0  0
   -8.6603   -3.5000   -0.0000 C   0  0  0  0  0  0  0  0  0  0  0  0
   -9.5263   -3.0000   -0.0000 C   0  0  0  0  0  0  0  0  0  0  0  0
  -10.3923   -3.5000   -0.0000 C   0  0  0  0  0  0  0  0  0  0  0  0
  -10.3923   -4.5000   -0.0000 C   0  0  0  0  0  0  0  0  0  0  0  0
   -9.5263   -5.0000   -0.0000 C   0  0  0  0  0  0  0  0  0  0  0  0
   -8.6603   -4.5000   -0.0000 C   0  0  0  0  0  0  0  0  0  0  0  0
  -11.2583   -5.0000   -0.0000 C   0  0  0  0  0  0  0  0  0  0  0  0
  -12.1244   -4.5000   -0.0000 C   0  0  0  0  0  0  0  0  0  0  0  0
  -11.2583   -6.0000   -0.0000 O   0  0  0  0  0  0  0  0  0  0  0  0
    2.5981    1.0000   -0.0000 C   0  0  0  0  0  0  0  0  0  0  0  0
    3.4641    1.5000   -0.0000 O   0  0  0  0  0  0  0  0  0  0  0  0
    1.7321    1.5000   -0.0000 N   0  0  0  0  0  0  0  0  0  0  0  0
  1  2  1  0  0  0  0
  2  3  2  0  0  0  0
  2  4  1  0  0  0  0
  4  5  1  0  0  0  0
  5  6  2  3  0  0  0
  6  7  1  0  0  0  0
  6  8  1  0  0  0  0
  8  9  2  0  0  0  0
  9 10  1  0  0  0  0
 10 11  2  0  0  0  0
 11 12  1  0  0  0  0
 12 13  2  0  0  0  0
  8 13  1  0  0  0  0
 11 14  1  0  0  0  0
 14 15  1  0  0  0  0
 15 16  1  0  0  0  0
 16 17  2  0  0  0  0
 17 18  1  0  0  0  0
 18 19  2  0  0  0  0
 19 20  1  0  0  0  0
 20 21  2  0  0  0  0
 16 21  1  0  0  0  0
 19 22  1  0  0  0  0
 22 23  1  0  0  0  0
 23 24  1  0  0  0  0
 24 25  2  0  0  0  0
 25 26  1  0  0  0  0
 26 27  2  0  0  0  0
 27 28  1  0  0  0  0
 28 29  2  0  0  0  0
 24 29  1  0  0  0  0
 27 30  1  0  0  0  0
 30 31  1  0  0  0  0
 30 32  2  0  0  0  0
  4 33  1  0  0  0  0
 33 34  2  0  0  0  0
 33 35  1  0  0  0  0
M  END

