Message:
openmolecules.org MolfileCreator 1.0

 37 40  0  0  0  0  0  0  0  0999 V2000
    7.5468   -1.7024   -0.0000 C   0  0  0  0  0  0  0  0  0  0  0  0
    7.5468   -0.7024   -0.0000 C   0  0  0  0  0  0  0  0  0  0  0  0
    8.5468   -1.7024   -0.0000 C   0  0  0  0  0  0  0  0  0  0  0  0
    7.5468   -2.7024   -0.0000 C   0  0  0  0  0  0  0  0  0  0  0  0
    6.5468   -1.7024   -0.0000 C   0  0  0  0  0  0  0  0  0  0  0  0
    6.0468   -2.5685   -0.0000 C   0  0  0  0  0  0  0  0  0  0  0  0
    5.0468   -2.5685   -0.0000 C   0  0  0  0  0  0  0  0  0  0  0  0
    4.5468   -1.7024   -0.0000 C   0  0  0  0  0  0  0  0  0  0  0  0
    5.0468   -0.8364   -0.0000 C   0  0  0  0  0  0  0  0  0  0  0  0
    4.3776   -0.0933   -0.0000 N   0  0  0  0  0  0  0  0  0  0  0  0
    3.4641   -0.5000   -0.0000 C   0  0  0  0  0  0  0  0  0  0  0  0
    3.5686   -1.4945   -0.0000 O   0  0  0  0  0  0  0  0  0  0  0  0
    2.5981   -0.0000   -0.0000 C   0  0  0  0  0  0  0  0  0  0  0  0
    1.7321   -0.5000   -0.0000 C   0  0  0  0  0  0  0  0  0  0  0  0
    0.8660   -0.0000   -0.0000 C   0  0  0  0  0  0  0  0  0  0  0  0
    0.0000   -0.5000   -0.0000 C   0  0  0  0  0  0  0  0  0  0  0  0
   -0.9135   -0.0933   -0.0000 O   0  0  0  0  0  0  0  0  0  0  0  0
   -1.5827   -0.8364   -0.0000 C   0  0  0  0  0  0  0  0  0  0  0  0
   -1.0827   -1.7024   -0.0000 C   0  0  0  0  0  0  0  0  0  0  0  0
   -0.1045   -1.4945   -0.0000 N   0  0  0  0  0  0  0  0  0  0  0  0
   -1.5827   -2.5685   -0.0000 C   0  0  0  0  0  0  0  0  0  0  0  0
   -2.5827   -2.5685   -0.0000 C   0  0  0  0  0  0  0  0  0  0  0  0
   -3.0827   -1.7024   -0.0000 C   0  0  0  0  0  0  0  0  0  0  0  0
   -2.5827   -0.8364   -0.0000 C   0  0  0  0  0  0  0  0  0  0  0  0
   -3.0827    0.0296   -0.0000 C   0  0  0  0  0  0  0  0  0  0  0  0
   -3.9487   -0.4704   -0.0000 C   0  0  0  0  0  0  0  0  0  0  0  0
   -3.5827    0.8956   -0.0000 C   0  0  0  0  0  0  0  0  0  0  0  0
   -2.2167    0.5296   -0.0000 C   0  0  0  0  0  0  0  0  0  0  0  0
   -3.0827   -3.4345   -0.0000 C   0  0  0  0  0  0  0  0  0  0  0  0
   -2.2167   -3.9345   -0.0000 C   0  0  0  0  0  0  0  0  0  0  0  0
   -3.5827   -4.3005   -0.0000 C   0  0  0  0  0  0  0  0  0  0  0  0
   -3.9487   -2.9345   -0.0000 C   0  0  0  0  0  0  0  0  0  0  0  0
    6.0468   -0.8364   -0.0000 C   0  0  0  0  0  0  0  0  0  0  0  0
    4.5468   -3.4345   -0.0000 C   0  0  0  0  0  0  0  0  0  0  0  0
    5.4128   -3.9345   -0.0000 C   0  0  0  0  0  0  0  0  0  0  0  0
    4.0468   -4.3005   -0.0000 C   0  0  0  0  0  0  0  0  0  0  0  0
    3.6808   -2.9345   -0.0000 C   0  0  0  0  0  0  0  0  0  0  0  0
  1  2  1  0  0  0  0
  1  3  1  0  0  0  0
  1  4  1  0  0  0  0
  1  5  1  0  0  0  0
  5  6  1  0  0  0  0
  6  7  2  0  0  0  0
  7  8  1  0  0  0  0
  8  9  2  0  0  0  0
  9 10  1  0  0  0  0
 10 11  2  0  0  0  0
 11 12  1  0  0  0  0
  8 12  1  0  0  0  0
 11 13  1  0  0  0  0
 13 14  1  0  0  0  0
 14 15  1  0  0  0  0
 15 16  1  0  0  0  0
 16 17  1  0  0  0  0
 17 18  1  0  0  0  0
 18 19  2  0  0  0  0
 19 20  1  0  0  0  0
 16 20  2  0  0  0  0
 19 21  1  0  0  0  0
 21 22  2  0  0  0  0
 22 23  1  0  0  0  0
 23 24  2  0  0  0  0
 18 24  1  0  0  0  0
 24 25  1  0  0  0  0
 25 26  1  0  0  0  0
 25 27  1  0  0  0  0
 25 28  1  0  0  0  0
 22 29  1  0  0  0  0
 29 30  1  0  0  0  0
 29 31  1  0  0  0  0
 29 32  1  0  0  0  0
  9 33  1  0  0  0  0
  5 33  2  0  0  0  0
  7 34  1  0  0  0  0
 34 35  1  0  0  0  0
 34 36  1  0  0  0  0
 34 37  1  0  0  0  0
M  END

