Message:
openmolecules.org MolfileCreator 1.0

 16 18  0  0  0  0  0  0  0  0999 V2000
    0.8660   -0.0000   -0.0000 C   0  0  0  0  0  0  0  0  0  0  0  0
    0.3660    0.8660   -0.0000 C   0  0  0  0  0  0  0  0  0  0  0  0
    1.7321    0.5000   -0.0000 C   0  0  0  0  0  0  0  0  0  0  0  0
    1.3660   -0.8660   -0.0000 C   0  0  0  0  0  0  0  0  0  0  0  0
    0.0000   -0.5000   -0.0000 C   0  0  0  0  0  0  0  0  0  0  0  0
   -0.9135   -0.0933   -0.0000 C   0  0  0  0  0  0  0  0  0  0  0  0
   -1.5827   -0.8364   -0.0000 S   0  0  0  0  0  0  0  0  0  0  0  0
   -1.0827   -1.7024   -0.0000 C   0  0  0  0  0  0  0  0  0  0  0  0
   -1.1872   -2.6970   -0.0000 N   0  0  0  0  0  0  0  0  0  0  0  0
   -0.2737   -3.1037   -0.0000 C   0  0  0  0  0  0  0  0  0  0  0  0
    0.3955   -2.3605   -0.0000 C   0  0  0  0  0  0  0  0  0  0  0  0
   -0.1045   -1.4945   -0.0000 N   0  0  0  0  0  0  0  0  0  0  0  0
    1.3736   -2.5685   -0.0000 C   0  0  0  0  0  0  0  0  0  0  0  0
    1.6826   -3.5195   -0.0000 C   0  0  0  0  0  0  0  0  0  0  0  0
    1.0135   -4.2627   -0.0000 C   0  0  0  0  0  0  0  0  0  0  0  0
    0.0354   -4.0547   -0.0000 C   0  0  0  0  0  0  0  0  0  0  0  0
  1  2  1  0  0  0  0
  1  3  1  0  0  0  0
  1  4  1  0  0  0  0
  1  5  1  0  0  0  0
  5  6  2  0  0  0  0
  6  7  1  0  0  0  0
  7  8  1  0  0  0  0
  8  9  2  0  0  0  0
  9 10  1  0  0  0  0
 10 11  2  0  0  0  0
 11 12  1  0  0  0  0
  8 12  1  0  0  0  0
  5 12  1  0  0  0  0
 11 13  1  0  0  0  0
 13 14  2  0  0  0  0
 14 15  1  0  0  0  0
 15 16  2  0  0  0  0
 10 16  1  0  0  0  0
M  END

