Message:
openmolecules.org MolfileCreator 1.0

 19 20  0  0  1  0  0  0  0  0999 V2000
    6.4952   -0.0000   -0.0000 C   0  0  0  0  0  0  0  0  0  0  0  0
    7.7942   -0.7500   -0.0000 C   0  0  0  0  0  0  0  0  0  0  0  0
    7.7942   -2.2500   -0.0000 C   0  0  0  0  0  0  0  0  0  0  0  0
    9.0933   -3.0000   -0.0000 C   0  0  0  0  0  0  0  0  0  0  0  0
   10.3923   -2.2500   -0.0000 C   0  0  0  0  0  0  0  0  0  0  0  0
   10.3923   -0.7500   -0.0000 C   0  0  0  0  0  0  0  0  0  0  0  0
    9.0933   -0.0000   -0.0000 C   0  0  0  0  0  0  0  0  0  0  0  0
    5.1962   -0.7500   -0.0000 O   0  0  0  0  0  0  0  0  0  0  0  0
    3.8971   -0.0000   -0.0000 C   0  0  0  0  0  0  0  0  0  0  0  0
    2.5981   -0.7500   -0.0000 C   0  0  0  0  0  0  0  0  0  0  0  0
    1.2990   -0.0000   -0.0000 C   0  0  0  0  0  0  0  0  0  0  0  0
    0.0000   -0.7500   -0.0000 C   0  0  0  0  0  0  0  0  0  0  0  0
   -1.2990    0.0000   -0.0000 C   0  0  0  0  0  0  0  0  0  0  0  0
   -2.5981   -0.7500   -0.0000 C   0  0  0  0  0  0  0  0  0  0  0  0
   -2.5981   -2.2500   -0.0000 C   0  0  0  0  0  0  0  0  0  0  0  0
   -1.2990   -3.0000   -0.0000 C   0  0  0  0  0  0  0  0  0  0  0  0
   -0.0000   -2.2500   -0.0000 C   0  0  0  0  0  0  0  0  0  0  0  0
    2.5981   -2.2500   -0.0000 O   0  0  0  0  0  0  0  0  0  0  0  0
    3.8971    1.5000   -0.0000 O   0  0  0  0  0  0  0  0  0  0  0  0
  1  2  1  0  0  0  0
  2  3  2  0  0  0  0
  3  4  1  0  0  0  0
  4  5  2  0  0  0  0
  5  6  1  0  0  0  0
  6  7  2  0  0  0  0
  2  7  1  0  0  0  0
  1  8  1  0  0  0  0
  8  9  1  0  0  0  0
 10  9  1  0  0  0  0
 10 11  1  0  0  0  0
 11 12  1  0  0  0  0
 12 13  2  0  0  0  0
 13 14  1  0  0  0  0
 14 15  2  0  0  0  0
 15 16  1  0  0  0  0
 16 17  2  0  0  0  0
 12 17  1  0  0  0  0
 10 18  1  6  0  0  0
  9 19  2  0  0  0  0
M  END

