Message:
openmolecules.org MolfileCreator 1.0

 15 15  0  0  0  0  0  0  0  0999 V2000
    2.5981   -0.7500   -0.0000 C   0  0  0  0  0  0  0  0  0  0  0  0
    3.8971   -0.0000   -0.0000 C   0  0  0  0  0  0  0  0  0  0  0  0
    2.5981   -2.2500   -0.0000 O   0  0  0  0  0  0  0  0  0  0  0  0
    1.2990   -0.0000   -0.0000 N   0  0  0  0  0  0  0  0  0  0  0  0
    0.0000   -0.7500   -0.0000 C   0  0  0  0  0  0  0  0  0  0  0  0
   -1.2990    0.0000   -0.0000 C   0  0  0  0  0  0  0  0  0  0  0  0
   -2.5981   -0.7500   -0.0000 C   0  0  0  0  0  0  0  0  0  0  0  0
   -2.5981   -2.2500   -0.0000 C   0  0  0  0  0  0  0  0  0  0  0  0
   -1.2990   -3.0000   -0.0000 C   0  0  0  0  0  0  0  0  0  0  0  0
   -0.0000   -2.2500   -0.0000 C   0  0  0  0  0  0  0  0  0  0  0  0
   -1.2990   -4.5000   -0.0000 C   0  0  0  0  0  0  0  0  0  0  0  0
    0.2010   -4.5000   -0.0000 C   0  0  0  0  0  0  0  0  0  0  0  0
   -1.2990   -6.0000   -0.0000 C   0  0  0  0  0  0  0  0  0  0  0  0
   -2.7990   -4.5000   -0.0000 C   0  0  0  0  0  0  0  0  0  0  0  0
   -1.2990    1.5000   -0.0000 C   0  0  0  0  0  0  0  0  0  0  0  0
  1  2  1  0  0  0  0
  1  3  2  0  0  0  0
  1  4  1  0  0  0  0
  4  5  1  0  0  0  0
  5  6  2  0  0  0  0
  6  7  1  0  0  0  0
  7  8  2  0  0  0  0
  8  9  1  0  0  0  0
  9 10  2  0  0  0  0
  5 10  1  0  0  0  0
  9 11  1  0  0  0  0
 11 12  1  0  0  0  0
 11 13  1  0  0  0  0
 11 14  1  0  0  0  0
  6 15  1  0  0  0  0
M  END

