Message:
openmolecules.org MolfileCreator 1.0

 19 20  0  0  0  0  0  0  0  0999 V2000
    1.2990   -0.0000   -0.0000 C   0  0  0  0  0  0  0  0  0  0  0  0
    2.5981   -0.7500   -0.0000 C   0  0  0  0  0  0  0  0  0  0  0  0
    0.0000   -0.7500   -0.0000 C   0  0  0  0  0  0  0  0  0  0  0  0
   -1.2990    0.0000   -0.0000 C   0  0  0  0  0  0  0  0  0  0  0  0
   -2.5981   -0.7500   -0.0000 C   0  0  0  0  0  0  0  0  0  0  0  0
   -2.5981   -2.2500   -0.0000 C   0  0  0  0  0  0  0  0  0  0  0  0
   -1.2990   -3.0000   -0.0000 C   0  0  0  0  0  0  0  0  0  0  0  0
   -0.0000   -2.2500   -0.0000 C   0  0  0  0  0  0  0  0  0  0  0  0
   -1.2990    1.5000   -0.0000 C   0  0  0  0  0  0  0  0  0  0  0  0
   -1.2990    3.0000   -0.0000 C   0  0  0  0  0  0  0  0  0  0  0  0
   -1.2990    4.5000   -0.0000 S   0  0  0  0  0  0  0  0  0  0  0  0
   -0.5490    5.7990   -0.0000 O   0  0  0  0  0  0  0  0  0  0  0  0
   -2.0490    5.7990   -0.0000 O   0  0  0  0  0  0  0  0  0  0  0  0
    0.1498    4.1118   -0.0000 C   0  0  0  0  0  0  0  0  0  0  0  0
    0.5381    2.6629   -0.0000 C   0  0  0  0  0  0  0  0  0  0  0  0
    1.9870    2.2746   -0.0000 C   0  0  0  0  0  0  0  0  0  0  0  0
    3.0476    3.3353   -0.0000 C   0  0  0  0  0  0  0  0  0  0  0  0
    2.6594    4.7842   -0.0000 C   0  0  0  0  0  0  0  0  0  0  0  0
    1.2105    5.1724   -0.0000 C   0  0  0  0  0  0  0  0  0  0  0  0
  1  2  1  0  0  0  0
  1  3  1  0  0  0  0
  3  4  2  0  0  0  0
  4  5  1  0  0  0  0
  5  6  2  0  0  0  0
  6  7  1  0  0  0  0
  7  8  2  0  0  0  0
  3  8  1  0  0  0  0
  4  9  1  0  0  0  0
  9 10  3  0  0  0  0
 10 11  1  0  0  0  0
 11 12  2  0  0  0  0
 11 13  2  0  0  0  0
 11 14  1  0  0  0  0
 14 15  2  0  0  0  0
 15 16  1  0  0  0  0
 16 17  2  0  0  0  0
 17 18  1  0  0  0  0
 18 19  2  0  0  0  0
 14 19  1  0  0  0  0
M  END

