Message:
openmolecules.org MolfileCreator 1.0

 21 23  0  0  1  0  0  0  0  0999 V2000
    2.6638    3.5818   -0.0000 C   0  0  0  0  0  0  0  0  0  0  0  0
    2.8717    2.6037   -0.0000 N   0  0  0  0  0  0  0  0  0  0  0  0
    2.2026    1.8605   -0.0000 C   0  0  0  0  0  0  0  0  0  0  0  0
    2.7026    0.9945   -0.0000 C   0  0  0  0  0  0  0  0  0  0  0  0
    3.6808    1.2024   -0.0000 C   0  0  0  0  0  0  0  0  0  0  0  0
    3.7853    2.1970   -0.0000 C   0  0  0  0  0  0  0  0  0  0  0  0
    4.6513    2.6970   -0.0000 O   0  0  0  0  0  0  0  0  0  0  0  0
    4.1808    0.3364   -0.0000 C   0  0  0  0  0  0  0  0  0  0  0  0
    3.5116   -0.4067   -0.0000 N   0  0  0  0  0  0  0  0  0  0  0  0
    2.5981   -0.0000   -0.0000 C   0  0  0  0  0  0  0  0  0  0  0  0
    1.7321   -0.5000   -0.0000 C   0  0  0  0  0  0  0  0  0  0  0  0
    0.8660   -0.0000   -0.0000 C   0  0  0  0  0  0  0  0  0  0  0  0
    0.8660    1.0000   -0.0000 O   0  0  0  0  0  0  0  0  0  0  0  0
    0.0000   -0.5000   -0.0000 N   0  0  0  0  0  0  0  0  0  0  0  0
    5.1753    0.2319   -0.0000 C   0  0  0  0  0  0  0  0  0  0  0  0
    5.5820   -0.6817   -0.0000 C   0  0  0  0  0  0  0  0  0  0  0  0
    6.5765   -0.7862   -0.0000 C   0  0  0  0  0  0  0  0  0  0  0  0
    7.1643    0.0228   -0.0000 C   0  0  0  0  0  0  0  0  0  0  0  0
    6.7576    0.9364   -0.0000 C   0  0  0  0  0  0  0  0  0  0  0  0
    5.7631    1.0409   -0.0000 C   0  0  0  0  0  0  0  0  0  0  0  0
    1.2081    1.9651   -0.0000 O   0  0  0  0  0  0  0  0  0  0  0  0
  1  2  1  0  0  0  0
  2  3  1  0  0  0  0
  4  3  1  6  0  0  0
  5  4  1  0  0  0  0
  5  6  1  6  0  0  0
  2  6  1  0  0  0  0
  6  7  2  0  0  0  0
  8  5  1  0  0  0  0
  8  9  1  0  0  0  0
 10  9  1  0  0  0  0
  4 10  1  0  0  0  0
 10 11  1  1  0  0  0
 11 12  1  0  0  0  0
 12 13  2  0  0  0  0
 12 14  1  0  0  0  0
  8 15  1  6  0  0  0
 15 16  2  0  0  0  0
 16 17  1  0  0  0  0
 17 18  2  0  0  0  0
 18 19  1  0  0  0  0
 19 20  2  0  0  0  0
 15 20  1  0  0  0  0
  3 21  2  0  0  0  0
M  END

