Message:
openmolecules.org MolfileCreator 1.0

 17 17  0  0  0  0  0  0  0  0999 V2000
    1.4525    0.4067   -0.0000 Cl  0  0  0  0  0  0  0  0  0  0  0  0
    2.3185   -0.0933   -0.0000 O   0  0  0  0  0  0  0  0  0  0  0  0
    1.4525    1.4067   -0.0000 O   0  0  0  0  0  0  0  0  0  0  0  0
    1.4525   -0.5933   -0.0000 O   0  0  0  0  0  0  0  0  0  0  0  0
    0.5865   -0.0933   -0.0000 O   0  0  0  0  0  0  0  0  0  0  0  0
   -1.9860   -1.5164   -0.0000 Cl  0  0  0  0  0  0  0  0  0  0  0  0
   -1.8123   -0.5316   -0.0000 C   0  0  0  0  0  0  0  0  0  0  0  0
   -0.9135   -0.0933   -0.0000 N   0  0  0  0  0  0  0  0  0  0  0  0
   -1.0527    0.8970   -0.0000 S   0  0  0  0  0  0  0  0  0  0  0  0
   -2.0375    1.0707   -0.0000 S   0  0  0  0  0  0  0  0  0  0  0  0
   -2.5070    0.1877   -0.0000 C   0  0  0  0  0  0  0  0  0  0  0  0
   -3.4973    0.0485   -0.0000 C   0  0  0  0  0  0  0  0  0  0  0  0
   -4.1129    0.8365   -0.0000 C   0  0  0  0  0  0  0  0  0  0  0  0
   -5.1032    0.6974   -0.0000 C   0  0  0  0  0  0  0  0  0  0  0  0
   -5.4778   -0.2298   -0.0000 C   0  0  0  0  0  0  0  0  0  0  0  0
   -4.8621   -1.0178   -0.0000 C   0  0  0  0  0  0  0  0  0  0  0  0
   -3.8719   -0.8787   -0.0000 C   0  0  0  0  0  0  0  0  0  0  0  0
  1  2  2  0  0  0  0
  1  3  2  0  0  0  0
  1  4  2  0  0  0  0
  1  5  1  0  0  0  0
  6  7  1  0  0  0  0
  7  8  1  0  0  0  0
  8  9  1  0  0  0  0
  9 10  1  0  0  0  0
 10 11  1  0  0  0  0
  7 11  2  0  0  0  0
 11 12  1  0  0  0  0
 12 13  2  0  0  0  0
 13 14  1  0  0  0  0
 14 15  2  0  0  0  0
 15 16  1  0  0  0  0
 16 17  2  0  0  0  0
 12 17  1  0  0  0  0
M  CHG  2   5  -1   8   1
M  END

