Message:
openmolecules.org MolfileCreator 1.0

 78 84  0  0  0  0  0  0  0  0999 V2000
    5.1962   -0.5000   -0.0000 C   0  0  0  0  0  0  0  0  0  0  0  0
    6.0622   -0.0000   -0.0000 C   0  0  0  0  0  0  0  0  0  0  0  0
    4.3301   -0.0000   -0.0000 O   0  0  0  0  0  0  0  0  0  0  0  0
    3.4641   -0.5000   -0.0000 C   0  0  0  0  0  0  0  0  0  0  0  0
    3.4641   -1.5000   -0.0000 O   0  0  0  0  0  0  0  0  0  0  0  0
    2.5981   -0.0000   -0.0000 N   0  0  0  0  0  0  0  0  0  0  0  0
    1.7321   -0.5000   -0.0000 N   0  0  0  0  0  0  0  0  0  0  0  0
    0.8660   -0.0000   -0.0000 C   0  0  0  0  0  0  0  0  0  0  0  0
    0.8660    1.0000   -0.0000 C   0  0  0  0  0  0  0  0  0  0  0  0
    0.0000   -0.5000   -0.0000 C   0  0  0  0  0  0  0  0  0  0  0  0
   -0.8660    0.0000   -0.0000 C   0  0  0  0  0  0  0  0  0  0  0  0
   -1.7321   -0.5000   -0.0000 C   0  0  0  0  0  0  0  0  0  0  0  0
   -1.7321   -1.5000   -0.0000 C   0  0  0  0  0  0  0  0  0  0  0  0
   -0.8660   -2.0000   -0.0000 C   0  0  0  0  0  0  0  0  0  0  0  0
   -0.0000   -1.5000   -0.0000 C   0  0  0  0  0  0  0  0  0  0  0  0
   -2.5981   -2.0000   -0.0000 O   0  0  0  0  0  0  0  0  0  0  0  0
   -3.4641   -1.5000   -0.0000 C   0  0  0  0  0  0  0  0  0  0  0  0
   -4.3301   -2.0000   -0.0000 C   0  0  0  0  0  0  0  0  0  0  0  0
   -5.1962   -1.5000   -0.0000 C   0  0  0  0  0  0  0  0  0  0  0  0
   -6.0622   -2.0000   -0.0000 C   0  0  0  0  0  0  0  0  0  0  0  0
   -6.0622   -3.0000   -0.0000 C   0  0  0  0  0  0  0  0  0  0  0  0
   -5.1962   -3.5000   -0.0000 C   0  0  0  0  0  0  0  0  0  0  0  0
   -4.3301   -3.0000   -0.0000 C   0  0  0  0  0  0  0  0  0  0  0  0
   -3.4641   -3.5000   -0.0000 C   0  0  0  0  0  0  0  0  0  0  0  0
   -3.4641   -4.5000   -0.0000 O   0  0  0  0  0  0  0  0  0  0  0  0
   -2.5981   -5.0000   -0.0000 C   0  0  0  0  0  0  0  0  0  0  0  0
   -2.5981   -6.0000   -0.0000 C   0  0  0  0  0  0  0  0  0  0  0  0
   -1.7321   -6.5000   -0.0000 C   0  0  0  0  0  0  0  0  0  0  0  0
   -0.8660   -6.0000   -0.0000 C   0  0  0  0  0  0  0  0  0  0  0  0
   -0.8660   -5.0000   -0.0000 C   0  0  0  0  0  0  0  0  0  0  0  0
   -1.7321   -4.5000   -0.0000 C   0  0  0  0  0  0  0  0  0  0  0  0
   -0.0000   -6.5000   -0.0000 C   0  0  0  0  0  0  0  0  0  0  0  0
   -0.0000   -7.5000   -0.0000 C   0  0  0  0  0  0  0  0  0  0  0  0
    0.8660   -6.0000   -0.0000 O   0  0  0  0  0  0  0  0  0  0  0  0
   -5.1962   -4.5000   -0.0000 C   0  0  0  0  0  0  0  0  0  0  0  0
   -6.0622   -5.0000   -0.0000 O   0  0  0  0  0  0  0  0  0  0  0  0
   -6.0622   -6.0000   -0.0000 C   0  0  0  0  0  0  0  0  0  0  0  0
   -6.9282   -6.5000   -0.0000 C   0  0  0  0  0  0  0  0  0  0  0  0
   -6.9282   -7.5000   -0.0000 C   0  0  0  0  0  0  0  0  0  0  0  0
   -6.0622   -8.0000   -0.0000 C   0  0  0  0  0  0  0  0  0  0  0  0
   -5.1962   -7.5000   -0.0000 C   0  0  0  0  0  0  0  0  0  0  0  0
   -5.1962   -6.5000   -0.0000 C   0  0  0  0  0  0  0  0  0  0  0  0
   -6.0622   -9.0000   -0.0000 C   0  0  0  0  0  0  0  0  0  0  0  0
   -6.9282   -9.5000   -0.0000 C   0  0  0  0  0  0  0  0  0  0  0  0
   -5.1962   -9.5000   -0.0000 O   0  0  0  0  0  0  0  0  0  0  0  0
   -6.9282   -3.5000   -0.0000 C   0  0  0  0  0  0  0  0  0  0  0  0
   -7.7942   -3.0000   -0.0000 O   0  0  0  0  0  0  0  0  0  0  0  0
   -8.6603   -3.5000   -0.0000 C   0  0  0  0  0  0  0  0  0  0  0  0
   -9.5263   -3.0000   -0.0000 C   0  0  0  0  0  0  0  0  0  0  0  0
  -10.3923   -3.5000   -0.0000 C   0  0  0  0  0  0  0  0  0  0  0  0
  -10.3923   -4.5000   -0.0000 C   0  0  0  0  0  0  0  0  0  0  0  0
   -9.5263   -5.0000   -0.0000 C   0  0  0  0  0  0  0  0  0  0  0  0
   -8.6603   -4.5000   -0.0000 C   0  0  0  0  0  0  0  0  0  0  0  0
  -11.2583   -5.0000   -0.0000 C   0  0  0  0  0  0  0  0  0  0  0  0
  -12.1244   -4.5000   -0.0000 C   0  0  0  0  0  0  0  0  0  0  0  0
  -11.2583   -6.0000   -0.0000 O   0  0  0  0  0  0  0  0  0  0  0  0
   -6.9282   -1.5000   -0.0000 C   0  0  0  0  0  0  0  0  0  0  0  0
   -6.9282   -0.5000   -0.0000 O   0  0  0  0  0  0  0  0  0  0  0  0
   -7.7942    0.0000   -0.0000 C   0  0  0  0  0  0  0  0  0  0  0  0
   -7.7942    1.0000   -0.0000 C   0  0  0  0  0  0  0  0  0  0  0  0
   -8.6603    1.5000   -0.0000 C   0  0  0  0  0  0  0  0  0  0  0  0
   -9.5263    1.0000   -0.0000 C   0  0  0  0  0  0  0  0  0  0  0  0
   -9.5263    0.0000   -0.0000 C   0  0  0  0  0  0  0  0  0  0  0  0
   -8.6603   -0.5000   -0.0000 C   0  0  0  0  0  0  0  0  0  0  0  0
  -10.3923    1.5000   -0.0000 C   0  0  0  0  0  0  0  0  0  0  0  0
  -10.3923    2.5000   -0.0000 C   0  0  0  0  0  0  0  0  0  0  0  0
  -11.2583    1.0000   -0.0000 O   0  0  0  0  0  0  0  0  0  0  0  0
   -5.1962   -0.5000   -0.0000 C   0  0  0  0  0  0  0  0  0  0  0  0
   -4.3301    0.0000   -0.0000 O   0  0  0  0  0  0  0  0  0  0  0  0
   -4.3301    1.0000   -0.0000 C   0  0  0  0  0  0  0  0  0  0  0  0
   -3.4641    1.5000   -0.0000 C   0  0  0  0  0  0  0  0  0  0  0  0
   -3.4641    2.5000   -0.0000 C   0  0  0  0  0  0  0  0  0  0  0  0
   -4.3301    3.0000   -0.0000 C   0  0  0  0  0  0  0  0  0  0  0  0
   -5.1962    2.5000   -0.0000 C   0  0  0  0  0  0  0  0  0  0  0  0
   -5.1962    1.5000   -0.0000 C   0  0  0  0  0  0  0  0  0  0  0  0
   -4.3301    4.0000   -0.0000 C   0  0  0  0  0  0  0  0  0  0  0  0
   -3.4641    4.5000   -0.0000 C   0  0  0  0  0  0  0  0  0  0  0  0
   -5.1962    4.5000   -0.0000 O   0  0  0  0  0  0  0  0  0  0  0  0
  1  2  1  0  0  0  0
  1  3  1  0  0  0  0
  3  4  1  0  0  0  0
  4  5  2  0  0  0  0
  4  6  1  0  0  0  0
  6  7  1  0  0  0  0
  7  8  2  3  0  0  0
  8  9  1  0  0  0  0
  8 10  1  0  0  0  0
 10 11  2  0  0  0  0
 11 12  1  0  0  0  0
 12 13  2  0  0  0  0
 13 14  1  0  0  0  0
 14 15  2  0  0  0  0
 10 15  1  0  0  0  0
 13 16  1  0  0  0  0
 16 17  1  0  0  0  0
 17 18  1  0  0  0  0
 18 19  2  0  0  0  0
 19 20  1  0  0  0  0
 20 21  2  0  0  0  0
 21 22  1  0  0  0  0
 22 23  2  0  0  0  0
 18 23  1  0  0  0  0
 23 24  1  0  0  0  0
 24 25  1  0  0  0  0
 25 26  1  0  0  0  0
 26 27  2  0  0  0  0
 27 28  1  0  0  0  0
 28 29  2  0  0  0  0
 29 30  1  0  0  0  0
 30 31  2  0  0  0  0
 26 31  1  0  0  0  0
 29 32  1  0  0  0  0
 32 33  1  0  0  0  0
 32 34  2  0  0  0  0
 22 35  1  0  0  0  0
 35 36  1  0  0  0  0
 36 37  1  0  0  0  0
 37 38  2  0  0  0  0
 38 39  1  0  0  0  0
 39 40  2  0  0  0  0
 40 41  1  0  0  0  0
 41 42  2  0  0  0  0
 37 42  1  0  0  0  0
 40 43  1  0  0  0  0
 43 44  1  0  0  0  0
 43 45  2  0  0  0  0
 21 46  1  0  0  0  0
 46 47  1  0  0  0  0
 47 48  1  0  0  0  0
 48 49  2  0  0  0  0
 49 50  1  0  0  0  0
 50 51  2  0  0  0  0
 51 52  1  0  0  0  0
 52 53  2  0  0  0  0
 48 53  1  0  0  0  0
 51 54  1  0  0  0  0
 54 55  1  0  0  0  0
 54 56  2  0  0  0  0
 20 57  1  0  0  0  0
 57 58  1  0  0  0  0
 58 59  1  0  0  0  0
 59 60  2  0  0  0  0
 60 61  1  0  0  0  0
 61 62  2  0  0  0  0
 62 63  1  0  0  0  0
 63 64  2  0  0  0  0
 59 64  1  0  0  0  0
 62 65  1  0  0  0  0
 65 66  1  0  0  0  0
 65 67  2  0  0  0  0
 19 68  1  0  0  0  0
 68 69  1  0  0  0  0
 69 70  1  0  0  0  0
 70 71  2  0  0  0  0
 71 72  1  0  0  0  0
 72 73  2  0  0  0  0
 73 74  1  0  0  0  0
 74 75  2  0  0  0  0
 70 75  1  0  0  0  0
 73 76  1  0  0  0  0
 76 77  1  0  0  0  0
 76 78  2  0  0  0  0
M  END

