Message:
openmolecules.org MolfileCreator 1.0

 21 22  0  0  0  0  0  0  0  0999 V2000
    7.5468   -1.7024   -0.0000 C   0  0  0  0  0  0  0  0  0  0  0  0
    7.5468   -0.7024   -0.0000 C   0  0  0  0  0  0  0  0  0  0  0  0
    8.5468   -1.7024   -0.0000 C   0  0  0  0  0  0  0  0  0  0  0  0
    7.5468   -2.7024   -0.0000 C   0  0  0  0  0  0  0  0  0  0  0  0
    6.5468   -1.7024   -0.0000 C   0  0  0  0  0  0  0  0  0  0  0  0
    6.0468   -2.5685   -0.0000 C   0  0  0  0  0  0  0  0  0  0  0  0
    5.0468   -2.5685   -0.0000 C   0  0  0  0  0  0  0  0  0  0  0  0
    4.5468   -1.7024   -0.0000 C   0  0  0  0  0  0  0  0  0  0  0  0
    5.0468   -0.8364   -0.0000 C   0  0  0  0  0  0  0  0  0  0  0  0
    4.3776   -0.0933   -0.0000 N   0  0  0  0  0  0  0  0  0  0  0  0
    3.4641   -0.5000   -0.0000 C   0  0  0  0  0  0  0  0  0  0  0  0
    3.5686   -1.4945   -0.0000 O   0  0  0  0  0  0  0  0  0  0  0  0
    2.5981   -0.0000   -0.0000 C   0  0  0  0  0  0  0  0  0  0  0  0
    1.7321   -0.5000   -0.0000 C   0  0  0  0  0  0  0  0  0  0  0  0
    0.8660   -0.0000   -0.0000 S   0  0  0  0  0  0  0  0  0  0  0  0
    0.0000   -0.5000   -0.0000 C   0  0  0  0  0  0  0  0  0  0  0  0
    6.0468   -0.8364   -0.0000 C   0  0  0  0  0  0  0  0  0  0  0  0
    4.5468   -3.4345   -0.0000 C   0  0  0  0  0  0  0  0  0  0  0  0
    5.4128   -3.9345   -0.0000 C   0  0  0  0  0  0  0  0  0  0  0  0
    4.0468   -4.3005   -0.0000 C   0  0  0  0  0  0  0  0  0  0  0  0
    3.6808   -2.9345   -0.0000 C   0  0  0  0  0  0  0  0  0  0  0  0
  1  2  1  0  0  0  0
  1  3  1  0  0  0  0
  1  4  1  0  0  0  0
  1  5  1  0  0  0  0
  5  6  1  0  0  0  0
  6  7  2  0  0  0  0
  7  8  1  0  0  0  0
  8  9  2  0  0  0  0
  9 10  1  0  0  0  0
 10 11  2  0  0  0  0
 11 12  1  0  0  0  0
  8 12  1  0  0  0  0
 11 13  1  0  0  0  0
 13 14  1  0  0  0  0
 14 15  1  0  0  0  0
 15 16  1  0  0  0  0
  9 17  1  0  0  0  0
  5 17  2  0  0  0  0
  7 18  1  0  0  0  0
 18 19  1  0  0  0  0
 18 20  1  0  0  0  0
 18 21  1  0  0  0  0
M  END

