Message:
openmolecules.org MolfileCreator 1.0

 42 46  0  0  0  0  0  0  0  0999 V2000
    2.5981    3.7500   -0.0000 C   0  0  0  0  0  0  0  0  0  0  0  0
    2.5981    2.2500   -0.0000 O   0  0  0  0  0  0  0  0  0  0  0  0
    3.8971    1.5000   -0.0000 C   0  0  0  0  0  0  0  0  0  0  0  0
    3.8971   -0.0000   -0.0000 C   0  0  0  0  0  0  0  0  0  0  0  0
    5.1962   -0.7500   -0.0000 C   0  0  0  0  0  0  0  0  0  0  0  0
    6.4952   -0.0000   -0.0000 C   0  0  0  0  0  0  0  0  0  0  0  0
    6.4952    1.5000   -0.0000 C   0  0  0  0  0  0  0  0  0  0  0  0
    7.7942    2.2500   -0.0000 C   0  0  0  0  0  0  0  0  0  0  0  0
    7.7942    3.7500   -0.0000 C   0  0  0  0  0  0  0  0  0  0  0  0
    9.0933    4.5000   -0.0000 C   0  0  0  0  0  0  0  0  0  0  0  0
    9.0933    6.0000   -0.0000 C   0  0  0  0  0  0  0  0  0  0  0  0
    7.7942    6.7500   -0.0000 C   0  0  0  0  0  0  0  0  0  0  0  0
    6.4952    6.0000   -0.0000 C   0  0  0  0  0  0  0  0  0  0  0  0
    6.4952    4.5000   -0.0000 C   0  0  0  0  0  0  0  0  0  0  0  0
    5.1962    3.7500   -0.0000 C   0  0  0  0  0  0  0  0  0  0  0  0
    5.1962    2.2500   -0.0000 C   0  0  0  0  0  0  0  0  0  0  0  0
    3.8971    4.5000   -0.0000 O   0  0  0  0  0  0  0  0  0  0  0  0
    9.0933    1.5000   -0.0000 O   0  0  0  0  0  0  0  0  0  0  0  0
    7.7942   -0.7500   -0.0000 O   0  0  0  0  0  0  0  0  0  0  0  0
    9.0933   -0.0000   -0.0000 C   0  0  0  0  0  0  0  0  0  0  0  0
    5.1962   -2.2500   -0.0000 C   0  0  0  0  0  0  0  0  0  0  0  0
    3.8971   -3.0000   -0.0000 S   0  0  0  0  0  0  0  0  0  0  0  0
    3.1472   -1.7010   -0.0000 O   0  0  0  0  0  0  0  0  0  0  0  0
    2.3972   -3.0000   -0.0000 O   0  0  0  0  0  0  0  0  0  0  0  0
    3.8971   -4.5000   -0.0000 C   0  0  0  0  0  0  0  0  0  0  0  0
    2.5981   -5.2500   -0.0000 C   0  0  0  0  0  0  0  0  0  0  0  0
    2.5981   -6.7500   -0.0000 C   0  0  0  0  0  0  0  0  0  0  0  0
    3.8971   -7.5000   -0.0000 C   0  0  0  0  0  0  0  0  0  0  0  0
    3.8971   -9.0000   -0.0000 C   0  0  0  0  0  0  0  0  0  0  0  0
    5.1962   -6.7500   -0.0000 C   0  0  0  0  0  0  0  0  0  0  0  0
    5.1962   -5.2500   -0.0000 C   0  0  0  0  0  0  0  0  0  0  0  0
    2.5981   -0.7500   -0.0000 C   0  0  0  0  0  0  0  0  0  0  0  0
    1.2990   -0.0000   -0.0000 S   0  0  0  0  0  0  0  0  0  0  0  0
    2.0490    1.2990   -0.0000 O   0  0  0  0  0  0  0  0  0  0  0  0
    0.5490    1.2990   -0.0000 O   0  0  0  0  0  0  0  0  0  0  0  0
    0.0000   -0.7500   -0.0000 C   0  0  0  0  0  0  0  0  0  0  0  0
   -1.2990   -0.0000   -0.0000 C   0  0  0  0  0  0  0  0  0  0  0  0
   -2.5981   -0.7500   -0.0000 C   0  0  0  0  0  0  0  0  0  0  0  0
   -2.5981   -2.2500   -0.0000 C   0  0  0  0  0  0  0  0  0  0  0  0
   -3.8971   -3.0000   -0.0000 C   0  0  0  0  0  0  0  0  0  0  0  0
   -1.2990   -3.0000   -0.0000 C   0  0  0  0  0  0  0  0  0  0  0  0
   -0.0000   -2.2500   -0.0000 C   0  0  0  0  0  0  0  0  0  0  0  0
  1  2  1  0  0  0  0
  2  3  1  0  0  0  0
  3  4  2  0  0  0  0
  4  5  1  0  0  0  0
  5  6  2  0  0  0  0
  6  7  1  0  0  0  0
  7  8  1  0  0  0  0
  8  9  1  0  0  0  0
  9 10  2  0  0  0  0
 10 11  1  0  0  0  0
 11 12  2  0  0  0  0
 12 13  1  0  0  0  0
 13 14  2  0  0  0  0
  9 14  1  0  0  0  0
 14 15  1  0  0  0  0
 15 16  1  0  0  0  0
  3 16  1  0  0  0  0
  7 16  2  0  0  0  0
 15 17  2  0  0  0  0
  8 18  2  0  0  0  0
  6 19  1  0  0  0  0
 19 20  1  0  0  0  0
  5 21  1  0  0  0  0
 21 22  1  0  0  0  0
 22 23  2  0  0  0  0
 22 24  2  0  0  0  0
 22 25  1  0  0  0  0
 25 26  2  0  0  0  0
 26 27  1  0  0  0  0
 27 28  2  0  0  0  0
 28 29  1  0  0  0  0
 28 30  1  0  0  0  0
 30 31  2  0  0  0  0
 25 31  1  0  0  0  0
  4 32  1  0  0  0  0
 32 33  1  0  0  0  0
 33 34  2  0  0  0  0
 33 35  2  0  0  0  0
 33 36  1  0  0  0  0
 36 37  2  0  0  0  0
 37 38  1  0  0  0  0
 38 39  2  0  0  0  0
 39 40  1  0  0  0  0
 39 41  1  0  0  0  0
 41 42  2  0  0  0  0
 36 42  1  0  0  0  0
M  END

