Message:
openmolecules.org MolfileCreator 1.0

 20 21  0  0  0  0  0  0  0  0999 V2000
    8.7221   -2.5537   -0.0000 C   0  0  0  0  0  0  0  0  0  0  0  0
    8.7221   -1.0537   -0.0000 C   0  0  0  0  0  0  0  0  0  0  0  0
   10.2221   -2.5537   -0.0000 C   0  0  0  0  0  0  0  0  0  0  0  0
    8.7221   -4.0537   -0.0000 C   0  0  0  0  0  0  0  0  0  0  0  0
    7.2221   -2.5537   -0.0000 C   0  0  0  0  0  0  0  0  0  0  0  0
    6.4721   -3.8527   -0.0000 C   0  0  0  0  0  0  0  0  0  0  0  0
    4.9721   -3.8527   -0.0000 C   0  0  0  0  0  0  0  0  0  0  0  0
    4.2221   -2.5537   -0.0000 C   0  0  0  0  0  0  0  0  0  0  0  0
    4.9721   -1.2546   -0.0000 C   0  0  0  0  0  0  0  0  0  0  0  0
    3.9684   -0.1399   -0.0000 N   0  0  0  0  0  0  0  0  0  0  0  0
    2.5981   -0.7500   -0.0000 C   0  0  0  0  0  0  0  0  0  0  0  0
    2.7549   -2.2418   -0.0000 O   0  0  0  0  0  0  0  0  0  0  0  0
    1.2990   -0.0000   -0.0000 C   0  0  0  0  0  0  0  0  0  0  0  0
    1.2990    1.5000   -0.0000 O   0  0  0  0  0  0  0  0  0  0  0  0
    0.0000   -0.7500   -0.0000 N   0  0  0  0  0  0  0  0  0  0  0  0
    6.4721   -1.2546   -0.0000 C   0  0  0  0  0  0  0  0  0  0  0  0
    4.2221   -5.1517   -0.0000 C   0  0  0  0  0  0  0  0  0  0  0  0
    5.5211   -5.9017   -0.0000 C   0  0  0  0  0  0  0  0  0  0  0  0
    3.4721   -6.4508   -0.0000 C   0  0  0  0  0  0  0  0  0  0  0  0
    2.9231   -4.4017   -0.0000 C   0  0  0  0  0  0  0  0  0  0  0  0
  1  2  1  0  0  0  0
  1  3  1  0  0  0  0
  1  4  1  0  0  0  0
  1  5  1  0  0  0  0
  5  6  1  0  0  0  0
  6  7  2  0  0  0  0
  7  8  1  0  0  0  0
  8  9  2  0  0  0  0
  9 10  1  0  0  0  0
 10 11  2  0  0  0  0
 11 12  1  0  0  0  0
  8 12  1  0  0  0  0
 11 13  1  0  0  0  0
 13 14  2  0  0  0  0
 13 15  1  0  0  0  0
  9 16  1  0  0  0  0
  5 16  2  0  0  0  0
  7 17  1  0  0  0  0
 17 18  1  0  0  0  0
 17 19  1  0  0  0  0
 17 20  1  0  0  0  0
M  END

