Message:
openmolecules.org MolfileCreator 1.0

 17 18  0  0  0  0  0  0  0  0999 V2000
    2.5981   -0.0000   -0.0000 C   0  0  0  0  0  0  0  0  0  0  0  0
    3.4641   -0.5000   -0.0000 C   0  0  0  0  0  0  0  0  0  0  0  0
    1.7321   -0.5000   -0.0000 O   0  0  0  0  0  0  0  0  0  0  0  0
    0.8660   -0.0000   -0.0000 C   0  0  0  0  0  0  0  0  0  0  0  0
    0.8660    1.0000   -0.0000 C   0  0  0  0  0  0  0  0  0  0  0  0
    0.0000   -0.5000   -0.0000 N   0  0  0  0  0  0  0  0  0  0  0  0
   -0.9135   -0.0933   -0.0000 N   0  0  0  0  0  0  0  0  0  0  0  0
   -1.5827   -0.8364   -0.0000 C   0  0  0  0  0  0  0  0  0  0  0  0
   -1.0827   -1.7024   -0.0000 C   0  0  0  0  0  0  0  0  0  0  0  0
   -1.3917   -2.6535   -0.0000 N   0  0  0  0  0  0  0  0  0  0  0  0
   -0.7226   -3.3966   -0.0000 C   0  0  0  0  0  0  0  0  0  0  0  0
    0.2556   -3.1887   -0.0000 N   0  0  0  0  0  0  0  0  0  0  0  0
    0.5646   -2.2377   -0.0000 N   0  0  0  0  0  0  0  0  0  0  0  0
   -0.1045   -1.4945   -0.0000 C   0  0  0  0  0  0  0  0  0  0  0  0
   -1.0316   -4.3477   -0.0000 S   0  0  0  0  0  0  0  0  0  0  0  0
   -0.3624   -5.0908   -0.0000 C   0  0  0  0  0  0  0  0  0  0  0  0
   -2.5772   -0.7319   -0.0000 C   0  0  0  0  0  0  0  0  0  0  0  0
  1  2  1  0  0  0  0
  1  3  1  0  0  0  0
  3  4  1  0  0  0  0
  4  5  1  0  0  0  0
  4  6  1  0  0  0  0
  6  7  1  0  0  0  0
  7  8  2  0  0  0  0
  8  9  1  0  0  0  0
  9 10  1  0  0  0  0
 10 11  2  0  0  0  0
 11 12  1  0  0  0  0
 12 13  2  0  0  0  0
 13 14  1  0  0  0  0
  9 14  2  0  0  0  0
  6 14  1  0  0  0  0
 11 15  1  0  0  0  0
 15 16  1  0  0  0  0
  8 17  1  0  0  0  0
M  END

