Message:
openmolecules.org MolfileCreator 1.0

 26 28  0  0  0  0  0  0  0  0999 V2000
    7.5468    0.0296   -0.0000 C   0  0  0  0  0  0  0  0  0  0  0  0
    8.0468    0.8956   -0.0000 C   0  0  0  0  0  0  0  0  0  0  0  0
    9.0468    0.8956   -0.0000 C   0  0  0  0  0  0  0  0  0  0  0  0
    9.5468    1.7617   -0.0000 C   0  0  0  0  0  0  0  0  0  0  0  0
    9.0468    2.6277   -0.0000 C   0  0  0  0  0  0  0  0  0  0  0  0
    8.0468    2.6277   -0.0000 C   0  0  0  0  0  0  0  0  0  0  0  0
    7.5468    1.7617   -0.0000 C   0  0  0  0  0  0  0  0  0  0  0  0
    6.5468    0.0296   -0.0000 O   0  0  0  0  0  0  0  0  0  0  0  0
    6.0468   -0.8364   -0.0000 C   0  0  0  0  0  0  0  0  0  0  0  0
    5.0468   -0.8364   -0.0000 C   0  0  0  0  0  0  0  0  0  0  0  0
    4.3776   -0.0933   -0.0000 C   0  0  0  0  0  0  0  0  0  0  0  0
    3.4641   -0.5000   -0.0000 C   0  0  0  0  0  0  0  0  0  0  0  0
    3.5686   -1.4945   -0.0000 N   0  0  0  0  0  0  0  0  0  0  0  0
    4.5468   -1.7024   -0.0000 C   0  0  0  0  0  0  0  0  0  0  0  0
    5.0468   -2.5685   -0.0000 C   0  0  0  0  0  0  0  0  0  0  0  0
    6.0468   -2.5685   -0.0000 C   0  0  0  0  0  0  0  0  0  0  0  0
    6.5468   -1.7024   -0.0000 C   0  0  0  0  0  0  0  0  0  0  0  0
    4.5468   -3.4345   -0.0000 Br  0  0  0  0  0  0  0  0  0  0  0  0
    2.8255   -2.1637   -0.0000 C   0  0  0  0  0  0  0  0  0  0  0  0
    3.0334   -3.1418   -0.0000 C   0  0  0  0  0  0  0  0  0  0  0  0
    3.2413   -4.1199   -0.0000 C   0  0  0  0  0  0  0  0  0  0  0  0
    2.5981   -0.0000   -0.0000 C   0  0  0  0  0  0  0  0  0  0  0  0
    2.5981    1.0000   -0.0000 O   0  0  0  0  0  0  0  0  0  0  0  0
    1.7321   -0.5000   -0.0000 O   0  0  0  0  0  0  0  0  0  0  0  0
    0.8660   -0.0000   -0.0000 C   0  0  0  0  0  0  0  0  0  0  0  0
    0.0000   -0.5000   -0.0000 C   0  0  0  0  0  0  0  0  0  0  0  0
  1  2  1  0  0  0  0
  2  3  2  0  0  0  0
  3  4  1  0  0  0  0
  4  5  2  0  0  0  0
  5  6  1  0  0  0  0
  6  7  2  0  0  0  0
  2  7  1  0  0  0  0
  1  8  1  0  0  0  0
  8  9  1  0  0  0  0
  9 10  2  0  0  0  0
 10 11  1  0  0  0  0
 11 12  2  0  0  0  0
 12 13  1  0  0  0  0
 13 14  1  0  0  0  0
 10 14  1  0  0  0  0
 14 15  2  0  0  0  0
 15 16  1  0  0  0  0
 16 17  2  0  0  0  0
  9 17  1  0  0  0  0
 15 18  1  0  0  0  0
 13 19  1  0  0  0  0
 19 20  1  0  0  0  0
 20 21  3  0  0  0  0
 12 22  1  0  0  0  0
 22 23  2  0  0  0  0
 22 24  1  0  0  0  0
 24 25  1  0  0  0  0
 25 26  1  0  0  0  0
M  END

