Message:
openmolecules.org MolfileCreator 1.0

 36 39  0  0  0  0  0  0  0  0999 V2000
   -5.0833    2.1942   -0.0000 Cl  0  0  0  0  0  0  0  0  0  0  0  0
    1.8244    6.2709   -0.0000 Cl  0  0  0  0  0  0  0  0  0  0  0  0
   -6.9226    8.7644   -0.0000 C   0  0  0  0  0  0  0  0  0  0  0  0
   -6.4092    7.3540   -0.0000 C   0  0  0  0  0  0  0  0  0  0  0  0
   -4.9535    7.0917   -0.0000 C   0  0  0  0  0  0  0  0  0  0  0  0
   -4.4177    5.6829   -0.0000 C   0  0  0  0  0  0  0  0  0  0  0  0
   -5.3825    4.5331   -0.0000 C   0  0  0  0  0  0  0  0  0  0  0  0
   -6.8607    4.7938   -0.0000 C   0  0  0  0  0  0  0  0  0  0  0  0
   -7.3740    6.2042   -0.0000 C   0  0  0  0  0  0  0  0  0  0  0  0
   -8.4007    9.0251   -0.0000 O   0  0  0  0  0  0  0  0  0  0  0  0
   -5.9578    9.9142   -0.0000 C   0  0  0  0  0  0  0  0  0  0  0  0
   -4.4605    9.8095   -0.0000 C   0  0  0  0  0  0  0  0  0  0  0  0
   -3.8982   11.2012   -0.0000 N   0  0  0  0  0  0  0  0  0  0  0  0
   -5.0480   12.1660   -0.0000 N   0  0  0  0  0  0  0  0  0  0  0  0
   -6.3209   11.3706   -0.0000 C   0  0  0  0  0  0  0  0  0  0  0  0
   -7.7126   11.9329   -0.0000 C   0  0  0  0  0  0  0  0  0  0  0  0
   -7.9215   13.4192   -0.0000 C   0  0  0  0  0  0  0  0  0  0  0  0
   -9.3131   13.9815   -0.0000 C   0  0  0  0  0  0  0  0  0  0  0  0
  -10.4959   13.0574   -0.0000 C   0  0  0  0  0  0  0  0  0  0  0  0
  -10.2870   11.5711   -0.0000 C   0  0  0  0  0  0  0  0  0  0  0  0
   -8.8953   11.0088   -0.0000 C   0  0  0  0  0  0  0  0  0  0  0  0
   -4.9433   13.6633   -0.0000 C   0  0  0  0  0  0  0  0  0  0  0  0
   -3.5943   14.3213   -0.0000 C   0  0  0  0  0  0  0  0  0  0  0  0
   -3.4896   15.8186   -0.0000 C   0  0  0  0  0  0  0  0  0  0  0  0
   -4.7339   16.6579   -0.0000 C   0  0  0  0  0  0  0  0  0  0  0  0
   -6.0830   15.9999   -0.0000 C   0  0  0  0  0  0  0  0  0  0  0  0
   -6.1877   14.5026   -0.0000 C   0  0  0  0  0  0  0  0  0  0  0  0
   -3.6651    8.5367   -0.0000 C   0  0  0  0  0  0  0  0  0  0  0  0
   -4.2094    7.1501   -0.0000 N   0  0  0  0  0  0  0  0  0  0  0  0
   -3.0776    6.1802   -0.0000 C   0  0  0  0  0  0  0  0  0  0  0  0
   -1.8047    6.9756   -0.0000 C   0  0  0  0  0  0  0  0  0  0  0  0
   -0.4794    6.2709   -0.0000 N   0  0  0  0  0  0  0  0  0  0  0  0
   -0.4270    4.7709   -0.0000 C   0  0  0  0  0  0  0  0  0  0  0  0
   -1.6999    3.9755   -0.0000 C   0  0  0  0  0  0  0  0  0  0  0  0
   -3.0252    4.6802   -0.0000 C   0  0  0  0  0  0  0  0  0  0  0  0
   -2.1678    8.4320   -0.0000 N   0  0  0  0  0  0  0  0  0  0  0  0
  3  4  1  0  0  0  0
  4  5  2  0  0  0  0
  5  6  1  0  0  0  0
  6  7  2  0  0  0  0
  7  8  1  0  0  0  0
  8  9  2  0  0  0  0
  4  9  1  0  0  0  0
  3 10  2  0  0  0  0
  3 11  1  0  0  0  0
 11 12  1  0  0  0  0
 12 13  2  0  0  0  0
 13 14  1  0  0  0  0
 14 15  1  0  0  0  0
 11 15  2  0  0  0  0
 15 16  1  0  0  0  0
 16 17  2  0  0  0  0
 17 18  1  0  0  0  0
 18 19  2  0  0  0  0
 19 20  1  0  0  0  0
 20 21  2  0  0  0  0
 16 21  1  0  0  0  0
 14 22  1  0  0  0  0
 22 23  2  0  0  0  0
 23 24  1  0  0  0  0
 24 25  2  0  0  0  0
 25 26  1  0  0  0  0
 26 27  2  0  0  0  0
 22 27  1  0  0  0  0
 12 28  1  0  0  0  0
 28 29  2  0  0  0  0
 29 30  1  0  0  0  0
 30 31  1  0  0  0  0
 31 32  2  0  0  0  0
 32 33  1  0  0  0  0
 33 34  2  0  0  0  0
 34 35  1  0  0  0  0
 30 35  2  0  0  0  0
 31 36  1  0  0  0  0
 28 36  1  0  0  0  0
M  CHG  4   1  -1   2  -1  29   1  32   1
M  END

