Message:
openmolecules.org MolfileCreator 1.0

 39 43  0  0  1  0  0  0  0  0999 V2000
    2.5981    2.2500   -0.0000 C   0  0  0  0  0  0  0  0  0  0  0  0
    3.3481    0.9510   -0.0000 C   0  0  0  0  0  0  0  0  0  0  0  0
    3.8971    3.0000   -0.0000 C   0  0  0  0  0  0  0  0  0  0  0  0
    1.8481    3.5490   -0.0000 C   0  0  0  0  0  0  0  0  0  0  0  0
    1.2990    1.5000   -0.0000 Si  0  0  0  0  0  0  0  0  0  0  0  0
    1.2990   -0.0000   -0.0000 O   0  0  0  0  0  0  0  0  0  0  0  0
    0.0000   -0.7500   -0.0000 C   0  0  0  0  0  0  0  0  0  0  0  0
   -1.2990    0.0000   -0.0000 C   0  0  0  0  0  0  0  0  0  0  0  0
   -2.5981    0.7500   -0.0000 O   0  0  0  0  0  0  0  0  0  0  0  0
   -2.5981   -0.7500   -0.0000 C   0  0  0  0  0  0  0  0  0  0  0  0
   -2.5981   -2.2500   -0.0000 C   0  0  0  0  0  0  0  0  0  0  0  0
   -1.2990   -3.0000   -0.0000 C   0  0  0  0  0  0  0  0  0  0  0  0
   -0.0000   -2.2500   -0.0000 C   0  0  0  0  0  0  0  0  0  0  0  0
    1.2990   -3.0000   -0.0000 O   0  0  0  0  0  0  0  0  0  0  0  0
    1.2990   -4.5000   -0.0000 C   0  0  0  0  0  0  0  0  0  0  0  0
    2.5981   -5.2500   -0.0000 C   0  0  0  0  0  0  0  0  0  0  0  0
    2.5981   -6.7500   -0.0000 C   0  0  0  0  0  0  0  0  0  0  0  0
    3.8971   -7.5000   -0.0000 C   0  0  0  0  0  0  0  0  0  0  0  0
    5.1962   -6.7500   -0.0000 C   0  0  0  0  0  0  0  0  0  0  0  0
    5.1962   -5.2500   -0.0000 C   0  0  0  0  0  0  0  0  0  0  0  0
    3.8971   -4.5000   -0.0000 C   0  0  0  0  0  0  0  0  0  0  0  0
   -1.2990   -4.5000   -0.0000 O   0  0  0  0  0  0  0  0  0  0  0  0
   -2.5981   -5.2500   -0.0000 C   0  0  0  0  0  0  0  0  0  0  0  0
   -2.5981   -6.7500   -0.0000 C   0  0  0  0  0  0  0  0  0  0  0  0
   -3.8971   -7.5000   -0.0000 C   0  0  0  0  0  0  0  0  0  0  0  0
   -3.8971   -9.0000   -0.0000 C   0  0  0  0  0  0  0  0  0  0  0  0
   -2.5981   -9.7500   -0.0000 C   0  0  0  0  0  0  0  0  0  0  0  0
   -1.2990   -9.0000   -0.0000 C   0  0  0  0  0  0  0  0  0  0  0  0
   -1.2990   -7.5000   -0.0000 C   0  0  0  0  0  0  0  0  0  0  0  0
   -3.8971   -3.0000   -0.0000 O   0  0  0  0  0  0  0  0  0  0  0  0
   -5.1962   -2.2500   -0.0000 C   0  0  0  0  0  0  0  0  0  0  0  0
   -6.4952   -3.0000   -0.0000 C   0  0  0  0  0  0  0  0  0  0  0  0
   -7.7942   -2.2500   -0.0000 C   0  0  0  0  0  0  0  0  0  0  0  0
   -9.0933   -3.0000   -0.0000 C   0  0  0  0  0  0  0  0  0  0  0  0
   -9.0933   -4.5000   -0.0000 C   0  0  0  0  0  0  0  0  0  0  0  0
   -7.7942   -5.2500   -0.0000 C   0  0  0  0  0  0  0  0  0  0  0  0
   -6.4952   -4.5000   -0.0000 C   0  0  0  0  0  0  0  0  0  0  0  0
   -0.2009    1.5000   -0.0000 C   0  0  0  0  0  0  0  0  0  0  0  0
    0.5491    2.7990   -0.0000 C   0  0  0  0  0  0  0  0  0  0  0  0
  1  2  1  0  0  0  0
  1  3  1  0  0  0  0
  1  4  1  0  0  0  0
  1  5  1  0  0  0  0
  5  6  1  0  0  0  0
  7  6  1  6  0  0  0
  8  7  1  0  0  0  0
  8  9  1  6  0  0  0
 10  9  1  1  0  0  0
  8 10  1  0  0  0  0
 11 10  1  0  0  0  0
 12 11  1  0  0  0  0
 13 12  1  0  0  0  0
  7 13  1  0  0  0  0
 13 14  1  1  0  0  0
 14 15  1  0  0  0  0
 15 16  1  0  0  0  0
 16 17  2  0  0  0  0
 17 18  1  0  0  0  0
 18 19  2  0  0  0  0
 19 20  1  0  0  0  0
 20 21  2  0  0  0  0
 16 21  1  0  0  0  0
 12 22  1  6  0  0  0
 22 23  1  0  0  0  0
 23 24  1  0  0  0  0
 24 25  2  0  0  0  0
 25 26  1  0  0  0  0
 26 27  2  0  0  0  0
 27 28  1  0  0  0  0
 28 29  2  0  0  0  0
 24 29  1  0  0  0  0
 11 30  1  1  0  0  0
 30 31  1  0  0  0  0
 31 32  1  0  0  0  0
 32 33  2  0  0  0  0
 33 34  1  0  0  0  0
 34 35  2  0  0  0  0
 35 36  1  0  0  0  0
 36 37  2  0  0  0  0
 32 37  1  0  0  0  0
  5 38  1  0  0  0  0
  5 39  1  0  0  0  0
M  END

