Message:
openmolecules.org MolfileCreator 1.0

 15 16  0  0  0  0  0  0  0  0999 V2000
    1.7263   -1.7024   -0.0000 I   0  0  0  0  0  0  0  0  0  0  0  0
   -0.5827   -4.2413   -0.0000 C   0  0  0  0  0  0  0  0  0  0  0  0
   -0.5827   -3.2413   -0.0000 C   0  0  0  0  0  0  0  0  0  0  0  0
   -1.3917   -2.6535   -0.0000 C   0  0  0  0  0  0  0  0  0  0  0  0
   -1.0827   -1.7024   -0.0000 N   0  0  0  0  0  0  0  0  0  0  0  0
   -0.0827   -1.7024   -0.0000 C   0  0  0  0  0  0  0  0  0  0  0  0
    0.2263   -0.7514   -0.0000 N   0  0  0  0  0  0  0  0  0  0  0  0
   -0.5827   -0.1636   -0.0000 C   0  0  0  0  0  0  0  0  0  0  0  0
   -1.3917   -0.7514   -0.0000 C   0  0  0  0  0  0  0  0  0  0  0  0
   -2.3052   -0.3446   -0.0000 C   0  0  0  0  0  0  0  0  0  0  0  0
   -2.4098    0.6499   -0.0000 C   0  0  0  0  0  0  0  0  0  0  0  0
   -1.6007    1.2377   -0.0000 C   0  0  0  0  0  0  0  0  0  0  0  0
   -0.6872    0.8309   -0.0000 C   0  0  0  0  0  0  0  0  0  0  0  0
    0.2263   -2.6535   -0.0000 S   0  0  0  0  0  0  0  0  0  0  0  0
   -2.3427   -2.9625   -0.0000 C   0  0  0  0  0  0  0  0  0  0  0  0
  2  3  1  0  0  0  0
  3  4  2  0  0  0  0
  4  5  1  0  0  0  0
  5  6  2  0  0  0  0
  6  7  1  0  0  0  0
  7  8  1  0  0  0  0
  8  9  2  0  0  0  0
  5  9  1  0  0  0  0
  9 10  1  0  0  0  0
 10 11  2  0  0  0  0
 11 12  1  0  0  0  0
 12 13  2  0  0  0  0
  8 13  1  0  0  0  0
  6 14  1  0  0  0  0
  3 14  1  0  0  0  0
  4 15  1  0  0  0  0
M  CHG  2   1  -1   5   1
M  END

