Message:
openmolecules.org MolfileCreator 1.0

 12 13  0  0  0  0  0  0  0  0999 V2000
    0.0000   -0.0000   -0.0000 O   0  0  0  0  0  0  0  0  0  0  0  0
    1.2922    0.7587   -0.0000 C   0  0  0  0  0  0  0  0  0  0  0  0
    1.2922   -0.7469   -0.0000 C   0  0  0  0  0  0  0  0  0  0  0  0
    2.5844    1.5293   -0.0000 C   0  0  0  0  0  0  0  0  0  0  0  0
    2.5844   -1.4819   -0.0000 C   0  0  0  0  0  0  0  0  0  0  0  0
    2.5726    3.0468   -0.0000 O   0  0  0  0  0  0  0  0  0  0  0  0
    3.8767    0.7824   -0.0000 C   0  0  0  0  0  0  0  0  0  0  0  0
    3.8767   -0.7232   -0.0000 C   0  0  0  0  0  0  0  0  0  0  0  0
    2.5726   -2.9757   -0.0000 C   0  0  0  0  0  0  0  0  0  0  0  0
    5.1689    1.5412   -0.0000 O   0  0  0  0  0  0  0  0  0  0  0  0
    5.1689   -1.4701   -0.0000 O   0  0  0  0  0  0  0  0  0  0  0  0
    1.2567   -3.7226   -0.0000 O   0  0  0  0  0  0  0  0  0  0  0  0
  2  1  1  6  0  0  0
  3  1  1  6  0  0  0
  2  4  1  0  0  0  0
  3  5  1  0  0  0  0
  4  6  1  1  0  0  0
  4  7  1  0  0  0  0
  5  8  1  0  0  0  0
  5  9  1  6  0  0  0
  7 10  1  6  0  0  0
  8 11  1  1  0  0  0
  9 12  1  0  0  0  0
  2  3  1  0  0  0  0
  7  8  1  0  0  0  0
M  END

