Message:
openmolecules.org MolfileCreator 1.0

 18 18  0  0  0  0  0  0  0  0999 V2000
    6.9727   -3.7555   -0.0000 C   0  0  0  0  0  0  0  0  0  0  0  0
    7.5361   -4.5818   -0.0000 C   0  0  0  0  0  0  0  0  0  0  0  0
    5.9755   -3.8303   -0.0000 O   0  0  0  0  0  0  0  0  0  0  0  0
    7.4066   -2.8546   -0.0000 O   0  0  0  0  0  0  0  0  0  0  0  0
    6.8433   -2.0283   -0.0000 C   0  0  0  0  0  0  0  0  0  0  0  0
    7.3433   -1.1623   -0.0000 C   0  0  0  0  0  0  0  0  0  0  0  0
    6.9780   -0.2314   -0.0000 C   0  0  0  0  0  0  0  0  0  0  0  0
    6.0224    0.0633   -0.0000 C   0  0  0  0  0  0  0  0  0  0  0  0
    5.1962   -0.5000   -0.0000 C   0  0  0  0  0  0  0  0  0  0  0  0
    5.1214   -1.4972   -0.0000 O   0  0  0  0  0  0  0  0  0  0  0  0
    5.8545   -2.1774   -0.0000 C   0  0  0  0  0  0  0  0  0  0  0  0
    4.3301   -0.0000   -0.0000 C   0  0  0  0  0  0  0  0  0  0  0  0
    3.4641   -0.5000   -0.0000 C   0  0  0  0  0  0  0  0  0  0  0  0
    2.5981   -0.0000   -0.0000 C   0  0  0  0  0  0  0  0  0  0  0  0
    1.7321   -0.5000   -0.0000 C   0  0  0  0  0  0  0  0  0  0  0  0
    0.8660   -0.0000   -0.0000 C   0  0  0  0  0  0  0  0  0  0  0  0
    0.0000   -0.5000   -0.0000 C   0  0  0  0  0  0  0  0  0  0  0  0
    6.4434   -2.9449   -0.0000 C   0  0  0  0  0  0  0  0  0  0  0  0
  1  2  1  0  0  0  0
  1  3  2  0  0  0  0
  1  4  1  0  0  0  0
  4  5  1  0  0  0  0
  5  6  1  0  0  0  0
  6  7  1  0  0  0  0
  7  8  1  0  0  0  0
  8  9  1  0  0  0  0
  9 10  1  0  0  0  0
 10 11  1  0  0  0  0
  5 11  1  0  0  0  0
  9 12  1  0  0  0  0
 12 13  1  0  0  0  0
 13 14  1  0  0  0  0
 14 15  1  0  0  0  0
 15 16  1  0  0  0  0
 16 17  1  0  0  0  0
  5 18  1  0  0  0  0
M  END

