Message:
openmolecules.org MolfileCreator 1.0

 26 30  0  0  0  0  0  0  0  0999 V2000
    3.8228   -1.7071   -0.0000 C   0  0  0  0  0  0  0  0  0  0  0  0
    2.9568   -1.2071   -0.0000 C   0  0  0  0  0  0  0  0  0  0  0  0
    2.6980   -0.2412   -0.0000 C   0  0  0  0  0  0  0  0  0  0  0  0
    1.7321   -0.5000   -0.0000 C   0  0  0  0  0  0  0  0  0  0  0  0
    1.9909   -1.4659   -0.0000 C   0  0  0  0  0  0  0  0  0  0  0  0
    0.8660   -0.0000   -0.0000 C   0  0  0  0  0  0  0  0  0  0  0  0
    0.8660    1.0000   -0.0000 O   0  0  0  0  0  0  0  0  0  0  0  0
    0.0000   -0.5000   -0.0000 C   0  0  0  0  0  0  0  0  0  0  0  0
   -0.9135   -0.0933   -0.0000 C   0  0  0  0  0  0  0  0  0  0  0  0
   -1.5827   -0.8364   -0.0000 C   0  0  0  0  0  0  0  0  0  0  0  0
   -1.0827   -1.7024   -0.0000 C   0  0  0  0  0  0  0  0  0  0  0  0
   -0.1045   -1.4945   -0.0000 O   0  0  0  0  0  0  0  0  0  0  0  0
   -1.5827   -2.5685   -0.0000 C   0  0  0  0  0  0  0  0  0  0  0  0
   -2.5827   -2.5685   -0.0000 C   0  0  0  0  0  0  0  0  0  0  0  0
   -3.0827   -1.7024   -0.0000 C   0  0  0  0  0  0  0  0  0  0  0  0
   -4.0827   -1.7024   -0.0000 C   0  0  0  0  0  0  0  0  0  0  0  0
   -4.5827   -0.8364   -0.0000 C   0  0  0  0  0  0  0  0  0  0  0  0
   -4.0827    0.0296   -0.0000 C   0  0  0  0  0  0  0  0  0  0  0  0
   -3.0827    0.0296   -0.0000 C   0  0  0  0  0  0  0  0  0  0  0  0
   -2.5827   -0.8364   -0.0000 C   0  0  0  0  0  0  0  0  0  0  0  0
    2.8263   -2.1986   -0.0000 C   0  0  0  0  0  0  0  0  0  0  0  0
    1.9024   -2.5812   -0.0000 C   0  0  0  0  0  0  0  0  0  0  0  0
    1.7719   -3.5727   -0.0000 C   0  0  0  0  0  0  0  0  0  0  0  0
    2.5652   -4.1814   -0.0000 C   0  0  0  0  0  0  0  0  0  0  0  0
    3.4891   -3.7988   -0.0000 C   0  0  0  0  0  0  0  0  0  0  0  0
    3.6196   -2.8073   -0.0000 C   0  0  0  0  0  0  0  0  0  0  0  0
  1  2  1  0  0  0  0
  2  3  1  0  0  0  0
  3  4  1  0  0  0  0
  4  5  1  0  0  0  0
  2  5  1  0  0  0  0
  4  6  1  0  0  0  0
  6  7  2  0  0  0  0
  6  8  1  0  0  0  0
  8  9  2  0  0  0  0
  9 10  1  0  0  0  0
 10 11  2  0  0  0  0
 11 12  1  0  0  0  0
  8 12  1  0  0  0  0
 11 13  1  0  0  0  0
 13 14  2  0  0  0  0
 14 15  1  0  0  0  0
 15 16  2  0  0  0  0
 16 17  1  0  0  0  0
 17 18  2  0  0  0  0
 18 19  1  0  0  0  0
 19 20  2  0  0  0  0
 15 20  1  0  0  0  0
 10 20  1  0  0  0  0
  2 21  1  0  0  0  0
 21 22  2  0  0  0  0
 22 23  1  0  0  0  0
 23 24  2  0  0  0  0
 24 25  1  0  0  0  0
 25 26  2  0  0  0  0
 21 26  1  0  0  0  0
M  END

