Message:
openmolecules.org MolfileCreator 1.0

 36 41  0  0  0  0  0  0  0  0999 V2000
    1.3053   -7.5361   -0.0000 C   0  0  0  0  0  0  0  0  0  0  0  0
    0.0000   -6.7825   -0.0000 C   0  0  0  0  0  0  0  0  0  0  0  0
   -1.3053   -7.5361   -0.0000 C   0  0  0  0  0  0  0  0  0  0  0  0
   -1.3053   -9.0433   -0.0000 C   0  0  0  0  0  0  0  0  0  0  0  0
    0.0000   -9.7969   -0.0000 C   0  0  0  0  0  0  0  0  0  0  0  0
    1.3053   -9.0433   -0.0000 C   0  0  0  0  0  0  0  0  0  0  0  0
    2.6106   -6.7825   -0.0000 C   0  0  0  0  0  0  0  0  0  0  0  0
    3.9159   -7.5361   -0.0000 C   0  0  0  0  0  0  0  0  0  0  0  0
    5.2212   -6.7825   -0.0000 C   0  0  0  0  0  0  0  0  0  0  0  0
    5.2212   -5.2753   -0.0000 C   0  0  0  0  0  0  0  0  0  0  0  0
    6.5264   -4.5217   -0.0000 C   0  0  0  0  0  0  0  0  0  0  0  0
    7.6937   -5.1048   -0.0000 O   0  0  0  0  0  0  0  0  0  0  0  0
    6.5264   -3.0144   -0.0000 N   0  0  0  0  0  0  0  0  0  0  0  0
    5.2212   -2.2608   -0.0000 C   0  0  0  0  0  0  0  0  0  0  0  0
    5.2212   -0.7536   -0.0000 C   0  0  0  0  0  0  0  0  0  0  0  0
    6.5264    0.0000   -0.0000 C   0  0  0  0  0  0  0  0  0  0  0  0
    7.8317   -0.7536   -0.0000 C   0  0  0  0  0  0  0  0  0  0  0  0
    9.1370    0.0000   -0.0000 C   0  0  0  0  0  0  0  0  0  0  0  0
   10.4423   -0.7536   -0.0000 C   0  0  0  0  0  0  0  0  0  0  0  0
   10.4423   -2.2608   -0.0000 C   0  0  0  0  0  0  0  0  0  0  0  0
   11.7476   -3.0144   -0.0000 C   0  0  0  0  0  0  0  0  0  0  0  0
   11.7476   -4.5217   -0.0000 C   0  0  0  0  0  0  0  0  0  0  0  0
   10.4423   -5.2753   -0.0000 C   0  0  0  0  0  0  0  0  0  0  0  0
    9.1370   -4.5217   -0.0000 N   0  0  0  0  0  0  0  0  0  0  0  0
    9.1370   -3.0144   -0.0000 C   0  0  0  0  0  0  0  0  0  0  0  0
    7.8317   -2.2608   -0.0000 C   0  0  0  0  0  0  0  0  0  0  0  0
    8.0833   -5.6175   -0.0000 C   0  0  0  0  0  0  0  0  0  0  0  0
    8.6300   -6.9071   -0.0000 C   0  0  0  0  0  0  0  0  0  0  0  0
   10.1289   -6.7495   -0.0000 C   0  0  0  0  0  0  0  0  0  0  0  0
    3.9159   -0.0000   -0.0000 C   0  0  0  0  0  0  0  0  0  0  0  0
    3.9159    1.5072   -0.0000 O   0  0  0  0  0  0  0  0  0  0  0  0
    2.6106   -0.7536   -0.0000 O   0  0  0  0  0  0  0  0  0  0  0  0
    1.3053   -0.0000   -0.0000 C   0  0  0  0  0  0  0  0  0  0  0  0
    0.0000   -0.7536   -0.0000 C   0  0  0  0  0  0  0  0  0  0  0  0
    3.9159   -4.5217   -0.0000 C   0  0  0  0  0  0  0  0  0  0  0  0
    2.6106   -5.2753   -0.0000 C   0  0  0  0  0  0  0  0  0  0  0  0
  1  2  2  0  0  0  0
  2  3  1  0  0  0  0
  3  4  2  0  0  0  0
  4  5  1  0  0  0  0
  5  6  2  0  0  0  0
  1  6  1  0  0  0  0
  1  7  1  0  0  0  0
  7  8  2  0  0  0  0
  8  9  1  0  0  0  0
  9 10  2  0  0  0  0
 10 11  1  0  0  0  0
 11 12  2  0  0  0  0
 11 13  1  0  0  0  0
 13 14  1  0  0  0  0
 14 15  1  0  0  0  0
 15 16  2  0  0  0  0
 16 17  1  0  0  0  0
 17 18  1  0  0  0  0
 18 19  2  0  0  0  0
 19 20  1  0  0  0  0
 20 21  1  0  0  0  0
 21 22  2  0  0  0  0
 22 23  1  0  0  0  0
 23 24  1  0  0  0  0
 24 25  1  0  0  0  0
 20 25  2  0  0  0  0
 25 26  1  0  0  0  0
 13 26  1  0  0  0  0
 17 26  2  0  0  0  0
 24 27  1  0  0  0  0
 27 28  2  0  0  0  0
 28 29  1  0  0  0  0
 23 29  2  0  0  0  0
 15 30  1  0  0  0  0
 30 31  2  0  0  0  0
 30 32  1  0  0  0  0
 32 33  1  0  0  0  0
 33 34  1  0  0  0  0
 10 35  1  0  0  0  0
 35 36  2  0  0  0  0
  7 36  1  0  0  0  0
M  END

