Message:
openmolecules.org MolfileCreator 1.0

 44 48  0  0  0  0  0  0  0  0999 V2000
   -3.3480   -3.5490   -0.0000 C   0  0  0  0  0  0  0  0  0  0  0  0
   -2.5981   -2.2500   -0.0000 C   0  0  0  0  0  0  0  0  0  0  0  0
   -2.5981   -0.7500   -0.0000 O   0  0  0  0  0  0  0  0  0  0  0  0
   -1.2990   -0.0000   -0.0000 C   0  0  0  0  0  0  0  0  0  0  0  0
    0.0000   -0.7500   -0.0000 C   0  0  0  0  0  0  0  0  0  0  0  0
    0.0000   -2.2500   -0.0000 C   0  0  0  0  0  0  0  0  0  0  0  0
   -1.2990   -3.0000   -0.0000 O   0  0  0  0  0  0  0  0  0  0  0  0
   -0.0000    0.7500   -0.0000 N   0  0  0  0  0  0  0  0  0  0  0  0
    1.2990    1.5000   -0.0000 O   0  0  0  0  0  0  0  0  0  0  0  0
   -1.2990    1.5000   -0.0000 O   0  0  0  0  0  0  0  0  0  0  0  0
    1.2990   -0.0000   -0.0000 C   0  0  0  0  0  0  0  0  0  0  0  0
    2.5981   -0.7500   -0.0000 C   0  0  0  0  0  0  0  0  0  0  0  0
    2.5981   -2.2500   -0.0000 C   0  0  0  0  0  0  0  0  0  0  0  0
    3.8971   -3.0000   -0.0000 C   0  0  0  0  0  0  0  0  0  0  0  0
    3.8971   -4.5000   -0.0000 C   0  0  0  0  0  0  0  0  0  0  0  0
    5.1962   -5.2500   -0.0000 C   0  0  0  0  0  0  0  0  0  0  0  0
    5.1962   -6.7500   -0.0000 C   0  0  0  0  0  0  0  0  0  0  0  0
    6.4952   -7.5000   -0.0000 C   0  0  0  0  0  0  0  0  0  0  0  0
    7.7942   -6.7500   -0.0000 C   0  0  0  0  0  0  0  0  0  0  0  0
    7.7942   -5.2500   -0.0000 C   0  0  0  0  0  0  0  0  0  0  0  0
    6.4952   -4.5000   -0.0000 C   0  0  0  0  0  0  0  0  0  0  0  0
    6.4952   -3.0000   -0.0000 C   0  0  0  0  0  0  0  0  0  0  0  0
    5.1962   -2.2500   -0.0000 C   0  0  0  0  0  0  0  0  0  0  0  0
    5.1962   -0.7500   -0.0000 C   0  0  0  0  0  0  0  0  0  0  0  0
    3.8971   -0.0000   -0.0000 C   0  0  0  0  0  0  0  0  0  0  0  0
    3.8971    1.5000   -0.0000 C   0  0  0  0  0  0  0  0  0  0  0  0
    5.1962    2.2500   -0.0000 C   0  0  0  0  0  0  0  0  0  0  0  0
    6.4952    1.5000   -0.0000 C   0  0  0  0  0  0  0  0  0  0  0  0
    7.7942    2.2500   -0.0000 O   0  0  0  0  0  0  0  0  0  0  0  0
    7.7942    3.7500   -0.0000 C   0  0  0  0  0  0  0  0  0  0  0  0
    6.4952    4.5000   -0.0000 O   0  0  0  0  0  0  0  0  0  0  0  0
    5.1962    3.7500   -0.0000 C   0  0  0  0  0  0  0  0  0  0  0  0
    9.2942    3.7500   -0.0000 C   0  0  0  0  0  0  0  0  0  0  0  0
    8.5442    5.0490   -0.0000 C   0  0  0  0  0  0  0  0  0  0  0  0
    3.8971    3.0000   -0.0000 N   0  0  0  0  0  0  0  0  0  0  0  0
    3.8971    4.5000   -0.0000 O   0  0  0  0  0  0  0  0  0  0  0  0
    2.5981    2.2500   -0.0000 O   0  0  0  0  0  0  0  0  0  0  0  0
    6.4952   -0.0000   -0.0000 O   0  0  0  0  0  0  0  0  0  0  0  0
    7.7942   -0.7500   -0.0000 C   0  0  0  0  0  0  0  0  0  0  0  0
    7.7942   -2.2500   -0.0000 O   0  0  0  0  0  0  0  0  0  0  0  0
    2.5981   -5.2500   -0.0000 O   0  0  0  0  0  0  0  0  0  0  0  0
    1.2990   -3.0000   -0.0000 O   0  0  0  0  0  0  0  0  0  0  0  0
    1.2990   -4.5000   -0.0000 C   0  0  0  0  0  0  0  0  0  0  0  0
   -4.0981   -2.2500   -0.0000 C   0  0  0  0  0  0  0  0  0  0  0  0
  1  2  1  0  0  0  0
  2  3  1  0  0  0  0
  3  4  1  0  0  0  0
  4  5  1  0  0  0  0
  5  6  1  0  0  0  0
  6  7  1  0  0  0  0
  2  7  1  0  0  0  0
  5  8  1  0  0  0  0
  8  9  2  0  0  0  0
  8 10  1  0  0  0  0
  5 11  1  0  0  0  0
 11 12  1  0  0  0  0
 12 13  2  0  0  0  0
 13 14  1  0  0  0  0
 14 15  1  0  0  0  0
 15 16  1  0  0  0  0
 16 17  2  0  0  0  0
 17 18  1  0  0  0  0
 18 19  2  0  0  0  0
 19 20  1  0  0  0  0
 20 21  2  0  0  0  0
 16 21  1  0  0  0  0
 21 22  1  0  0  0  0
 22 23  1  0  0  0  0
 14 23  2  0  0  0  0
 23 24  1  0  0  0  0
 24 25  2  0  0  0  0
 12 25  1  0  0  0  0
 25 26  1  0  0  0  0
 26 27  1  0  0  0  0
 27 28  1  0  0  0  0
 28 29  1  0  0  0  0
 29 30  1  0  0  0  0
 30 31  1  0  0  0  0
 31 32  1  0  0  0  0
 27 32  1  0  0  0  0
 30 33  1  0  0  0  0
 30 34  1  0  0  0  0
 27 35  1  0  0  0  0
 35 36  2  0  0  0  0
 35 37  1  0  0  0  0
 24 38  1  0  0  0  0
 38 39  1  0  0  0  0
 22 40  2  0  0  0  0
 15 41  2  0  0  0  0
 13 42  1  0  0  0  0
 42 43  1  0  0  0  0
  2 44  1  0  0  0  0
M  CHG  4   8   1  10  -1  35   1  37  -1
M  END

