Message:
openmolecules.org MolfileCreator 1.0

 17 18  0  0  0  0  0  0  0  0999 V2000
    1.2990   -0.0000   -0.0000 C   0  0  0  0  0  0  0  0  0  0  0  0
    0.5490    1.2990   -0.0000 C   0  0  0  0  0  0  0  0  0  0  0  0
    2.5981    0.7500   -0.0000 C   0  0  0  0  0  0  0  0  0  0  0  0
    2.0490   -1.2990   -0.0000 C   0  0  0  0  0  0  0  0  0  0  0  0
    0.0000   -0.7500   -0.0000 C   0  0  0  0  0  0  0  0  0  0  0  0
   -0.0000   -2.2500   -0.0000 C   0  0  0  0  0  0  0  0  0  0  0  0
   -1.2990   -3.0000   -0.0000 C   0  0  0  0  0  0  0  0  0  0  0  0
   -2.5981   -2.2500   -0.0000 C   0  0  0  0  0  0  0  0  0  0  0  0
   -2.5981   -0.7500   -0.0000 C   0  0  0  0  0  0  0  0  0  0  0  0
   -4.0247   -0.2865   -0.0000 N   0  0  0  0  0  0  0  0  0  0  0  0
   -4.9063   -1.5000   -0.0000 C   0  0  0  0  0  0  0  0  0  0  0  0
   -4.0247   -2.7135   -0.0000 O   0  0  0  0  0  0  0  0  0  0  0  0
   -1.2990   -0.0000   -0.0000 C   0  0  0  0  0  0  0  0  0  0  0  0
   -1.2990   -4.5000   -0.0000 C   0  0  0  0  0  0  0  0  0  0  0  0
    0.2010   -4.5000   -0.0000 C   0  0  0  0  0  0  0  0  0  0  0  0
   -1.2990   -6.0000   -0.0000 C   0  0  0  0  0  0  0  0  0  0  0  0
   -2.7990   -4.5000   -0.0000 C   0  0  0  0  0  0  0  0  0  0  0  0
  1  2  1  0  0  0  0
  1  3  1  0  0  0  0
  1  4  1  0  0  0  0
  1  5  1  0  0  0  0
  5  6  1  0  0  0  0
  6  7  2  0  0  0  0
  7  8  1  0  0  0  0
  8  9  2  0  0  0  0
  9 10  1  0  0  0  0
 10 11  2  0  0  0  0
 11 12  1  0  0  0  0
  8 12  1  0  0  0  0
  9 13  1  0  0  0  0
  5 13  2  0  0  0  0
  7 14  1  0  0  0  0
 14 15  1  0  0  0  0
 14 16  1  0  0  0  0
 14 17  1  0  0  0  0
M  END

