Message:
openmolecules.org MolfileCreator 1.0

 39 42  0  0  0  0  0  0  0  0999 V2000
    5.1962    1.5000   -0.0000 C   0  0  0  0  0  0  0  0  0  0  0  0
    6.0622    1.0000   -0.0000 C   0  0  0  0  0  0  0  0  0  0  0  0
    5.1962    2.5000   -0.0000 O   0  0  0  0  0  0  0  0  0  0  0  0
    4.3301    1.0000   -0.0000 C   0  0  0  0  0  0  0  0  0  0  0  0
    3.4641    1.5000   -0.0000 C   0  0  0  0  0  0  0  0  0  0  0  0
    2.5981    1.0000   -0.0000 C   0  0  0  0  0  0  0  0  0  0  0  0
    2.5981   -0.0000   -0.0000 C   0  0  0  0  0  0  0  0  0  0  0  0
    1.7321   -0.5000   -0.0000 O   0  0  0  0  0  0  0  0  0  0  0  0
    0.8660   -0.0000   -0.0000 C   0  0  0  0  0  0  0  0  0  0  0  0
    0.0000   -0.5000   -0.0000 C   0  0  0  0  0  0  0  0  0  0  0  0
   -0.8660    0.0000   -0.0000 C   0  0  0  0  0  0  0  0  0  0  0  0
   -1.7321   -0.5000   -0.0000 C   0  0  0  0  0  0  0  0  0  0  0  0
   -2.5981    0.0000   -0.0000 C   0  0  0  0  0  0  0  0  0  0  0  0
   -2.5981    1.0000   -0.0000 O   0  0  0  0  0  0  0  0  0  0  0  0
   -3.4641    1.5000   -0.0000 C   0  0  0  0  0  0  0  0  0  0  0  0
   -3.4641    2.5000   -0.0000 C   0  0  0  0  0  0  0  0  0  0  0  0
   -4.3301    3.0000   -0.0000 C   0  0  0  0  0  0  0  0  0  0  0  0
   -5.1962    2.5000   -0.0000 C   0  0  0  0  0  0  0  0  0  0  0  0
   -5.1962    1.5000   -0.0000 C   0  0  0  0  0  0  0  0  0  0  0  0
   -4.3301    1.0000   -0.0000 C   0  0  0  0  0  0  0  0  0  0  0  0
   -6.0622    3.0000   -0.0000 C   0  0  0  0  0  0  0  0  0  0  0  0
   -6.0622    4.0000   -0.0000 C   0  0  0  0  0  0  0  0  0  0  0  0
   -6.9282    2.5000   -0.0000 O   0  0  0  0  0  0  0  0  0  0  0  0
   -1.7321   -1.5000   -0.0000 C   0  0  0  0  0  0  0  0  0  0  0  0
   -0.8660   -2.0000   -0.0000 C   0  0  0  0  0  0  0  0  0  0  0  0
   -0.0000   -1.5000   -0.0000 C   0  0  0  0  0  0  0  0  0  0  0  0
   -0.8660   -3.0000   -0.0000 C   0  0  0  0  0  0  0  0  0  0  0  0
   -1.7321   -3.5000   -0.0000 O   0  0  0  0  0  0  0  0  0  0  0  0
   -1.7321   -4.5000   -0.0000 C   0  0  0  0  0  0  0  0  0  0  0  0
   -2.5981   -5.0000   -0.0000 C   0  0  0  0  0  0  0  0  0  0  0  0
   -2.5981   -6.0000   -0.0000 C   0  0  0  0  0  0  0  0  0  0  0  0
   -1.7321   -6.5000   -0.0000 C   0  0  0  0  0  0  0  0  0  0  0  0
   -0.8660   -6.0000   -0.0000 C   0  0  0  0  0  0  0  0  0  0  0  0
   -0.8660   -5.0000   -0.0000 C   0  0  0  0  0  0  0  0  0  0  0  0
   -1.7321   -7.5000   -0.0000 C   0  0  0  0  0  0  0  0  0  0  0  0
   -2.5981   -8.0000   -0.0000 C   0  0  0  0  0  0  0  0  0  0  0  0
   -0.8660   -8.0000   -0.0000 O   0  0  0  0  0  0  0  0  0  0  0  0
    3.4641   -0.5000   -0.0000 C   0  0  0  0  0  0  0  0  0  0  0  0
    4.3301    0.0000   -0.0000 C   0  0  0  0  0  0  0  0  0  0  0  0
  1  2  1  0  0  0  0
  1  3  2  0  0  0  0
  1  4  1  0  0  0  0
  4  5  2  0  0  0  0
  5  6  1  0  0  0  0
  6  7  2  0  0  0  0
  7  8  1  0  0  0  0
  8  9  1  0  0  0  0
  9 10  1  0  0  0  0
 10 11  1  0  0  0  0
 11 12  2  0  0  0  0
 12 13  1  0  0  0  0
 13 14  1  0  0  0  0
 14 15  1  0  0  0  0
 15 16  2  0  0  0  0
 16 17  1  0  0  0  0
 17 18  2  0  0  0  0
 18 19  1  0  0  0  0
 19 20  2  0  0  0  0
 15 20  1  0  0  0  0
 18 21  1  0  0  0  0
 21 22  1  0  0  0  0
 21 23  2  0  0  0  0
 12 24  1  0  0  0  0
 24 25  2  0  0  0  0
 25 26  1  0  0  0  0
 10 26  2  0  0  0  0
 25 27  1  0  0  0  0
 27 28  1  0  0  0  0
 28 29  1  0  0  0  0
 29 30  2  0  0  0  0
 30 31  1  0  0  0  0
 31 32  2  0  0  0  0
 32 33  1  0  0  0  0
 33 34  2  0  0  0  0
 29 34  1  0  0  0  0
 32 35  1  0  0  0  0
 35 36  1  0  0  0  0
 35 37  2  0  0  0  0
  7 38  1  0  0  0  0
 38 39  2  0  0  0  0
  4 39  1  0  0  0  0
M  END

