Message:
openmolecules.org MolfileCreator 1.0

 26 29  0  0  0  0  0  0  0  0999 V2000
    7.6654   -0.3236   -0.0000 C   0  0  0  0  0  0  0  0  0  0  0  0
    8.2716    0.4717   -0.0000 C   0  0  0  0  0  0  0  0  0  0  0  0
    9.2635    0.3443   -0.0000 C   0  0  0  0  0  0  0  0  0  0  0  0
    9.8697    1.1396   -0.0000 C   0  0  0  0  0  0  0  0  0  0  0  0
    9.4841    2.0622   -0.0000 C   0  0  0  0  0  0  0  0  0  0  0  0
    8.4923    2.1896   -0.0000 C   0  0  0  0  0  0  0  0  0  0  0  0
    7.8860    1.3944   -0.0000 C   0  0  0  0  0  0  0  0  0  0  0  0
    6.6735   -0.1962   -0.0000 O   0  0  0  0  0  0  0  0  0  0  0  0
    6.0672   -0.9914   -0.0000 C   0  0  0  0  0  0  0  0  0  0  0  0
    6.4740   -1.9050   -0.0000 C   0  0  0  0  0  0  0  0  0  0  0  0
    5.8862   -2.7140   -0.0000 C   0  0  0  0  0  0  0  0  0  0  0  0
    4.8558   -2.6535   -0.0000 C   0  0  0  0  0  0  0  0  0  0  0  0
    4.1867   -3.3966   -0.0000 C   0  0  0  0  0  0  0  0  0  0  0  0
    3.2085   -3.1887   -0.0000 C   0  0  0  0  0  0  0  0  0  0  0  0
    2.8995   -2.2377   -0.0000 C   0  0  0  0  0  0  0  0  0  0  0  0
    3.5686   -1.4945   -0.0000 N   0  0  0  0  0  0  0  0  0  0  0  0
    4.5468   -1.7024   -0.0000 C   0  0  0  0  0  0  0  0  0  0  0  0
    5.0468   -0.8364   -0.0000 C   0  0  0  0  0  0  0  0  0  0  0  0
    4.3776   -0.0933   -0.0000 C   0  0  0  0  0  0  0  0  0  0  0  0
    3.4641   -0.5000   -0.0000 C   0  0  0  0  0  0  0  0  0  0  0  0
    2.5981   -0.0000   -0.0000 C   0  0  0  0  0  0  0  0  0  0  0  0
    2.5981    1.0000   -0.0000 O   0  0  0  0  0  0  0  0  0  0  0  0
    1.7321   -0.5000   -0.0000 O   0  0  0  0  0  0  0  0  0  0  0  0
    0.8660   -0.0000   -0.0000 C   0  0  0  0  0  0  0  0  0  0  0  0
    0.0000   -0.5000   -0.0000 C   0  0  0  0  0  0  0  0  0  0  0  0
    2.5394   -3.9319   -0.0000 Cl  0  0  0  0  0  0  0  0  0  0  0  0
  1  2  1  0  0  0  0
  2  3  2  0  0  0  0
  3  4  1  0  0  0  0
  4  5  2  0  0  0  0
  5  6  1  0  0  0  0
  6  7  2  0  0  0  0
  2  7  1  0  0  0  0
  1  8  1  0  0  0  0
  8  9  1  0  0  0  0
  9 10  2  0  0  0  0
 10 11  1  0  0  0  0
 11 12  2  0  0  0  0
 12 13  1  0  0  0  0
 13 14  1  0  0  0  0
 14 15  1  0  0  0  0
 15 16  1  0  0  0  0
 16 17  1  0  0  0  0
 12 17  1  0  0  0  0
 17 18  2  0  0  0  0
  9 18  1  0  0  0  0
 18 19  1  0  0  0  0
 19 20  2  0  0  0  0
 16 20  1  0  0  0  0
 20 21  1  0  0  0  0
 21 22  2  0  0  0  0
 21 23  1  0  0  0  0
 23 24  1  0  0  0  0
 24 25  1  0  0  0  0
 14 26  1  0  0  0  0
M  END

