Message:
openmolecules.org MolfileCreator 1.0

 20 20  0  0  0  0  0  0  0  0999 V2000
    5.5981    0.7500   -0.0000 Cl  0  0  0  0  0  0  0  0  0  0  0  0
    6.8971   -0.0000   -0.0000 O   0  0  0  0  0  0  0  0  0  0  0  0
    5.5981    2.2500   -0.0000 O   0  0  0  0  0  0  0  0  0  0  0  0
    5.5981   -0.7500   -0.0000 O   0  0  0  0  0  0  0  0  0  0  0  0
    4.2990   -0.0000   -0.0000 O   0  0  0  0  0  0  0  0  0  0  0  0
   -5.1191    2.6401   -0.0000 Cl  0  0  0  0  0  0  0  0  0  0  0  0
   -5.5826    1.2135   -0.0000 C   0  0  0  0  0  0  0  0  0  0  0  0
   -7.0092    0.7500   -0.0000 N   0  0  0  0  0  0  0  0  0  0  0  0
   -7.0092   -0.7500   -0.0000 S   0  0  0  0  0  0  0  0  0  0  0  0
   -5.5826   -1.2135   -0.0000 S   0  0  0  0  0  0  0  0  0  0  0  0
   -4.7010   -0.0000   -0.0000 C   0  0  0  0  0  0  0  0  0  0  0  0
   -3.2010   -0.0000   -0.0000 C   0  0  0  0  0  0  0  0  0  0  0  0
   -2.4510   -1.2990   -0.0000 C   0  0  0  0  0  0  0  0  0  0  0  0
   -0.9510   -1.2990   -0.0000 C   0  0  0  0  0  0  0  0  0  0  0  0
   -0.2010   -0.0000   -0.0000 C   0  0  0  0  0  0  0  0  0  0  0  0
   -0.9510    1.2990   -0.0000 C   0  0  0  0  0  0  0  0  0  0  0  0
   -2.4510    1.2990   -0.0000 C   0  0  0  0  0  0  0  0  0  0  0  0
    1.2990   -0.0000   -0.0000 N   0  0  0  0  0  0  0  0  0  0  0  0
    2.0490   -1.2990   -0.0000 O   0  0  0  0  0  0  0  0  0  0  0  0
    2.0490    1.2990   -0.0000 O   0  0  0  0  0  0  0  0  0  0  0  0
  1  2  2  0  0  0  0
  1  3  2  0  0  0  0
  1  4  2  0  0  0  0
  1  5  1  0  0  0  0
  6  7  1  0  0  0  0
  7  8  1  0  0  0  0
  8  9  1  0  0  0  0
  9 10  1  0  0  0  0
 10 11  1  0  0  0  0
  7 11  2  0  0  0  0
 11 12  1  0  0  0  0
 12 13  2  0  0  0  0
 13 14  1  0  0  0  0
 14 15  2  0  0  0  0
 15 16  1  0  0  0  0
 16 17  2  0  0  0  0
 12 17  1  0  0  0  0
 15 18  1  0  0  0  0
 18 19  2  0  0  0  0
 18 20  1  0  0  0  0
M  CHG  4   5  -1   8   1  18   1  20  -1
M  END

