Message:
openmolecules.org MolfileCreator 1.0

 72 78  0  0  0  0  0  0  0  0999 V2000
    5.1962    1.5000   -0.0000 C   0  0  0  0  0  0  0  0  0  0  0  0
    6.0622    1.0000   -0.0000 C   0  0  0  0  0  0  0  0  0  0  0  0
    5.1962    2.5000   -0.0000 O   0  0  0  0  0  0  0  0  0  0  0  0
    4.3301    1.0000   -0.0000 C   0  0  0  0  0  0  0  0  0  0  0  0
    3.4641    1.5000   -0.0000 C   0  0  0  0  0  0  0  0  0  0  0  0
    2.5981    1.0000   -0.0000 C   0  0  0  0  0  0  0  0  0  0  0  0
    2.5981   -0.0000   -0.0000 C   0  0  0  0  0  0  0  0  0  0  0  0
    1.7321   -0.5000   -0.0000 O   0  0  0  0  0  0  0  0  0  0  0  0
    0.8660   -0.0000   -0.0000 C   0  0  0  0  0  0  0  0  0  0  0  0
    0.0000   -0.5000   -0.0000 C   0  0  0  0  0  0  0  0  0  0  0  0
   -0.8660    0.0000   -0.0000 C   0  0  0  0  0  0  0  0  0  0  0  0
   -0.8660    1.0000   -0.0000 C   0  0  0  0  0  0  0  0  0  0  0  0
    0.0000    1.5000   -0.0000 O   0  0  0  0  0  0  0  0  0  0  0  0
    0.0000    2.5000   -0.0000 C   0  0  0  0  0  0  0  0  0  0  0  0
    0.8660    3.0000   -0.0000 C   0  0  0  0  0  0  0  0  0  0  0  0
    0.8660    4.0000   -0.0000 C   0  0  0  0  0  0  0  0  0  0  0  0
    0.0000    4.5000   -0.0000 C   0  0  0  0  0  0  0  0  0  0  0  0
   -0.8660    4.0000   -0.0000 C   0  0  0  0  0  0  0  0  0  0  0  0
   -0.8660    3.0000   -0.0000 C   0  0  0  0  0  0  0  0  0  0  0  0
    0.0000    5.5000   -0.0000 C   0  0  0  0  0  0  0  0  0  0  0  0
    0.8660    6.0000   -0.0000 C   0  0  0  0  0  0  0  0  0  0  0  0
   -0.8660    6.0000   -0.0000 O   0  0  0  0  0  0  0  0  0  0  0  0
   -1.7321   -0.5000   -0.0000 C   0  0  0  0  0  0  0  0  0  0  0  0
   -1.7321   -1.5000   -0.0000 C   0  0  0  0  0  0  0  0  0  0  0  0
   -0.8660   -2.0000   -0.0000 C   0  0  0  0  0  0  0  0  0  0  0  0
   -0.0000   -1.5000   -0.0000 C   0  0  0  0  0  0  0  0  0  0  0  0
    0.8660   -2.0000   -0.0000 C   0  0  0  0  0  0  0  0  0  0  0  0
    0.8660   -3.0000   -0.0000 O   0  0  0  0  0  0  0  0  0  0  0  0
    1.7321   -3.5000   -0.0000 C   0  0  0  0  0  0  0  0  0  0  0  0
    1.7321   -4.5000   -0.0000 C   0  0  0  0  0  0  0  0  0  0  0  0
    2.5981   -5.0000   -0.0000 C   0  0  0  0  0  0  0  0  0  0  0  0
    3.4641   -4.5000   -0.0000 C   0  0  0  0  0  0  0  0  0  0  0  0
    3.4641   -3.5000   -0.0000 C   0  0  0  0  0  0  0  0  0  0  0  0
    2.5981   -3.0000   -0.0000 C   0  0  0  0  0  0  0  0  0  0  0  0
    4.3301   -5.0000   -0.0000 C   0  0  0  0  0  0  0  0  0  0  0  0
    4.3301   -6.0000   -0.0000 C   0  0  0  0  0  0  0  0  0  0  0  0
    5.1962   -4.5000   -0.0000 O   0  0  0  0  0  0  0  0  0  0  0  0
   -0.8660   -3.0000   -0.0000 C   0  0  0  0  0  0  0  0  0  0  0  0
   -1.7321   -3.5000   -0.0000 O   0  0  0  0  0  0  0  0  0  0  0  0
   -1.7321   -4.5000   -0.0000 C   0  0  0  0  0  0  0  0  0  0  0  0
   -2.5981   -5.0000   -0.0000 C   0  0  0  0  0  0  0  0  0  0  0  0
   -2.5981   -6.0000   -0.0000 C   0  0  0  0  0  0  0  0  0  0  0  0
   -1.7321   -6.5000   -0.0000 C   0  0  0  0  0  0  0  0  0  0  0  0
   -0.8660   -6.0000   -0.0000 C   0  0  0  0  0  0  0  0  0  0  0  0
   -0.8660   -5.0000   -0.0000 C   0  0  0  0  0  0  0  0  0  0  0  0
   -1.7321   -7.5000   -0.0000 C   0  0  0  0  0  0  0  0  0  0  0  0
   -2.5981   -8.0000   -0.0000 C   0  0  0  0  0  0  0  0  0  0  0  0
   -0.8660   -8.0000   -0.0000 O   0  0  0  0  0  0  0  0  0  0  0  0
   -2.5981   -2.0000   -0.0000 C   0  0  0  0  0  0  0  0  0  0  0  0
   -3.4641   -1.5000   -0.0000 O   0  0  0  0  0  0  0  0  0  0  0  0
   -4.3301   -2.0000   -0.0000 C   0  0  0  0  0  0  0  0  0  0  0  0
   -5.1962   -1.5000   -0.0000 C   0  0  0  0  0  0  0  0  0  0  0  0
   -6.0622   -2.0000   -0.0000 C   0  0  0  0  0  0  0  0  0  0  0  0
   -6.0622   -3.0000   -0.0000 C   0  0  0  0  0  0  0  0  0  0  0  0
   -5.1962   -3.5000   -0.0000 C   0  0  0  0  0  0  0  0  0  0  0  0
   -4.3301   -3.0000   -0.0000 C   0  0  0  0  0  0  0  0  0  0  0  0
   -6.9282   -3.5000   -0.0000 C   0  0  0  0  0  0  0  0  0  0  0  0
   -7.7942   -3.0000   -0.0000 C   0  0  0  0  0  0  0  0  0  0  0  0
   -6.9282   -4.5000   -0.0000 O   0  0  0  0  0  0  0  0  0  0  0  0
   -2.5981    0.0000   -0.0000 C   0  0  0  0  0  0  0  0  0  0  0  0
   -2.5981    1.0000   -0.0000 O   0  0  0  0  0  0  0  0  0  0  0  0
   -3.4641    1.5000   -0.0000 C   0  0  0  0  0  0  0  0  0  0  0  0
   -3.4641    2.5000   -0.0000 C   0  0  0  0  0  0  0  0  0  0  0  0
   -4.3301    3.0000   -0.0000 C   0  0  0  0  0  0  0  0  0  0  0  0
   -5.1962    2.5000   -0.0000 C   0  0  0  0  0  0  0  0  0  0  0  0
   -5.1962    1.5000   -0.0000 C   0  0  0  0  0  0  0  0  0  0  0  0
   -4.3301    1.0000   -0.0000 C   0  0  0  0  0  0  0  0  0  0  0  0
   -6.0622    3.0000   -0.0000 C   0  0  0  0  0  0  0  0  0  0  0  0
   -6.0622    4.0000   -0.0000 C   0  0  0  0  0  0  0  0  0  0  0  0
   -6.9282    2.5000   -0.0000 O   0  0  0  0  0  0  0  0  0  0  0  0
    3.4641   -0.5000   -0.0000 C   0  0  0  0  0  0  0  0  0  0  0  0
    4.3301    0.0000   -0.0000 C   0  0  0  0  0  0  0  0  0  0  0  0
  1  2  1  0  0  0  0
  1  3  2  0  0  0  0
  1  4  1  0  0  0  0
  4  5  2  0  0  0  0
  5  6  1  0  0  0  0
  6  7  2  0  0  0  0
  7  8  1  0  0  0  0
  8  9  1  0  0  0  0
  9 10  1  0  0  0  0
 10 11  2  0  0  0  0
 11 12  1  0  0  0  0
 12 13  1  0  0  0  0
 13 14  1  0  0  0  0
 14 15  2  0  0  0  0
 15 16  1  0  0  0  0
 16 17  2  0  0  0  0
 17 18  1  0  0  0  0
 18 19  2  0  0  0  0
 14 19  1  0  0  0  0
 17 20  1  0  0  0  0
 20 21  1  0  0  0  0
 20 22  2  0  0  0  0
 11 23  1  0  0  0  0
 23 24  2  0  0  0  0
 24 25  1  0  0  0  0
 25 26  2  0  0  0  0
 10 26  1  0  0  0  0
 26 27  1  0  0  0  0
 27 28  1  0  0  0  0
 28 29  1  0  0  0  0
 29 30  2  0  0  0  0
 30 31  1  0  0  0  0
 31 32  2  0  0  0  0
 32 33  1  0  0  0  0
 33 34  2  0  0  0  0
 29 34  1  0  0  0  0
 32 35  1  0  0  0  0
 35 36  1  0  0  0  0
 35 37  2  0  0  0  0
 25 38  1  0  0  0  0
 38 39  1  0  0  0  0
 39 40  1  0  0  0  0
 40 41  2  0  0  0  0
 41 42  1  0  0  0  0
 42 43  2  0  0  0  0
 43 44  1  0  0  0  0
 44 45  2  0  0  0  0
 40 45  1  0  0  0  0
 43 46  1  0  0  0  0
 46 47  1  0  0  0  0
 46 48  2  0  0  0  0
 24 49  1  0  0  0  0
 49 50  1  0  0  0  0
 50 51  1  0  0  0  0
 51 52  2  0  0  0  0
 52 53  1  0  0  0  0
 53 54  2  0  0  0  0
 54 55  1  0  0  0  0
 55 56  2  0  0  0  0
 51 56  1  0  0  0  0
 54 57  1  0  0  0  0
 57 58  1  0  0  0  0
 57 59  2  0  0  0  0
 23 60  1  0  0  0  0
 60 61  1  0  0  0  0
 61 62  1  0  0  0  0
 62 63  2  0  0  0  0
 63 64  1  0  0  0  0
 64 65  2  0  0  0  0
 65 66  1  0  0  0  0
 66 67  2  0  0  0  0
 62 67  1  0  0  0  0
 65 68  1  0  0  0  0
 68 69  1  0  0  0  0
 68 70  2  0  0  0  0
  7 71  1  0  0  0  0
 71 72  2  0  0  0  0
  4 72  1  0  0  0  0
M  END

