Message:
openmolecules.org MolfileCreator 1.0

 19 21  0  0  0  0  0  0  0  0999 V2000
    2.8200   -4.0792   -0.0000 O   0  0  0  0  0  0  0  0  0  0  0  0
    3.4078   -3.2702   -0.0000 C   0  0  0  0  0  0  0  0  0  0  0  0
    3.0010   -2.3566   -0.0000 C   0  0  0  0  0  0  0  0  0  0  0  0
    3.5686   -1.4945   -0.0000 N   0  0  0  0  0  0  0  0  0  0  0  0
    4.5468   -1.7024   -0.0000 C   0  0  0  0  0  0  0  0  0  0  0  0
    5.0468   -0.8364   -0.0000 C   0  0  0  0  0  0  0  0  0  0  0  0
    6.0468   -0.8364   -0.0000 C   0  0  0  0  0  0  0  0  0  0  0  0
    6.5468   -1.7024   -0.0000 C   0  0  0  0  0  0  0  0  0  0  0  0
    6.0468   -2.5685   -0.0000 C   0  0  0  0  0  0  0  0  0  0  0  0
    5.0468   -2.5685   -0.0000 C   0  0  0  0  0  0  0  0  0  0  0  0
    4.4023   -3.3747   -0.0000 C   0  0  0  0  0  0  0  0  0  0  0  0
    6.5468    0.0296   -0.0000 O   0  0  0  0  0  0  0  0  0  0  0  0
    4.3776   -0.0933   -0.0000 C   0  0  0  0  0  0  0  0  0  0  0  0
    3.4641   -0.5000   -0.0000 C   0  0  0  0  0  0  0  0  0  0  0  0
    2.5981   -0.0000   -0.0000 C   0  0  0  0  0  0  0  0  0  0  0  0
    2.5981    1.0000   -0.0000 O   0  0  0  0  0  0  0  0  0  0  0  0
    1.7321   -0.5000   -0.0000 O   0  0  0  0  0  0  0  0  0  0  0  0
    0.8660   -0.0000   -0.0000 C   0  0  0  0  0  0  0  0  0  0  0  0
    0.0000   -0.5000   -0.0000 C   0  0  0  0  0  0  0  0  0  0  0  0
  1  2  1  0  0  0  0
  2  3  1  0  0  0  0
  3  4  1  0  0  0  0
  4  5  1  0  0  0  0
  5  6  2  0  0  0  0
  6  7  1  0  0  0  0
  7  8  2  0  0  0  0
  8  9  1  0  0  0  0
  9 10  2  0  0  0  0
  5 10  1  0  0  0  0
 10 11  1  0  0  0  0
  2 11  1  0  0  0  0
  7 12  1  0  0  0  0
  6 13  1  0  0  0  0
 13 14  2  0  0  0  0
  4 14  1  0  0  0  0
 14 15  1  0  0  0  0
 15 16  2  0  0  0  0
 15 17  1  0  0  0  0
 17 18  1  0  0  0  0
 18 19  1  0  0  0  0
M  END

