Message:
openmolecules.org MolfileCreator 1.0

 19 21  0  0  0  0  0  0  0  0999 V2000
    2.5981   -0.0000   -0.0000 C   0  0  0  0  0  0  0  0  0  0  0  0
    1.7321   -0.5000   -0.0000 O   0  0  0  0  0  0  0  0  0  0  0  0
    0.8660   -0.0000   -0.0000 C   0  0  0  0  0  0  0  0  0  0  0  0
    0.8660    1.0000   -0.0000 O   0  0  0  0  0  0  0  0  0  0  0  0
    0.0000   -0.5000   -0.0000 C   0  0  0  0  0  0  0  0  0  0  0  0
   -0.9135   -0.0933   -0.0000 C   0  0  0  0  0  0  0  0  0  0  0  0
   -1.5827   -0.8364   -0.0000 N   0  0  0  0  0  0  0  0  0  0  0  0
   -1.0827   -1.7024   -0.0000 C   0  0  0  0  0  0  0  0  0  0  0  0
   -1.1872   -2.6970   -0.0000 N   0  0  0  0  0  0  0  0  0  0  0  0
   -0.2737   -3.1037   -0.0000 N   0  0  0  0  0  0  0  0  0  0  0  0
    0.3955   -2.3605   -0.0000 S   0  0  0  0  0  0  0  0  0  0  0  0
   -0.1045   -1.4945   -0.0000 C   0  0  0  0  0  0  0  0  0  0  0  0
   -2.5772   -0.7319   -0.0000 C   0  0  0  0  0  0  0  0  0  0  0  0
   -3.1650   -1.5409   -0.0000 C   0  0  0  0  0  0  0  0  0  0  0  0
   -4.1595   -1.4364   -0.0000 C   0  0  0  0  0  0  0  0  0  0  0  0
   -4.7473   -2.2454   -0.0000 C   0  0  0  0  0  0  0  0  0  0  0  0
   -4.3406   -3.1589   -0.0000 C   0  0  0  0  0  0  0  0  0  0  0  0
   -3.3460   -3.2635   -0.0000 C   0  0  0  0  0  0  0  0  0  0  0  0
   -2.7582   -2.4544   -0.0000 C   0  0  0  0  0  0  0  0  0  0  0  0
  1  2  1  0  0  0  0
  2  3  1  0  0  0  0
  3  4  2  0  0  0  0
  3  5  1  0  0  0  0
  5  6  2  0  0  0  0
  6  7  1  0  0  0  0
  7  8  1  0  0  0  0
  8  9  1  0  0  0  0
  9 10  2  0  0  0  0
 10 11  1  0  0  0  0
 11 12  1  0  0  0  0
  8 12  2  0  0  0  0
  5 12  1  0  0  0  0
  7 13  1  0  0  0  0
 13 14  1  0  0  0  0
 14 15  2  0  0  0  0
 15 16  1  0  0  0  0
 16 17  2  0  0  0  0
 17 18  1  0  0  0  0
 18 19  2  0  0  0  0
 14 19  1  0  0  0  0
M  END

