Message:
openmolecules.org MolfileCreator 1.0

 25 27  0  0  0  0  0  0  0  0999 V2000
    3.7195   -1.3849   -0.0000 C   0  0  0  0  0  0  0  0  0  0  0  0
    2.9764   -2.0540   -0.0000 C   0  0  0  0  0  0  0  0  0  0  0  0
    2.0253   -1.7450   -0.0000 C   0  0  0  0  0  0  0  0  0  0  0  0
    1.2822   -2.4141   -0.0000 C   0  0  0  0  0  0  0  0  0  0  0  0
    1.4901   -3.3923   -0.0000 C   0  0  0  0  0  0  0  0  0  0  0  0
    2.4412   -3.7013   -0.0000 C   0  0  0  0  0  0  0  0  0  0  0  0
    3.1843   -3.0322   -0.0000 C   0  0  0  0  0  0  0  0  0  0  0  0
    3.5116   -0.4067   -0.0000 C   0  0  0  0  0  0  0  0  0  0  0  0
    4.1808    0.3364   -0.0000 N   0  0  0  0  0  0  0  0  0  0  0  0
    3.6808    1.2024   -0.0000 N   0  0  0  0  0  0  0  0  0  0  0  0
    2.7026    0.9945   -0.0000 C   0  0  0  0  0  0  0  0  0  0  0  0
    2.5981   -0.0000   -0.0000 N   0  0  0  0  0  0  0  0  0  0  0  0
    1.7321   -0.5000   -0.0000 N   0  0  0  0  0  0  0  0  0  0  0  0
    0.8660   -0.0000   -0.0000 C   0  0  0  0  0  0  0  0  0  0  0  0
    0.0000   -0.5000   -0.0000 C   0  0  0  0  0  0  0  0  0  0  0  0
   -0.8660    0.0000   -0.0000 C   0  0  0  0  0  0  0  0  0  0  0  0
   -1.7321   -0.5000   -0.0000 C   0  0  0  0  0  0  0  0  0  0  0  0
   -1.7321   -1.5000   -0.0000 C   0  0  0  0  0  0  0  0  0  0  0  0
   -0.8660   -2.0000   -0.0000 C   0  0  0  0  0  0  0  0  0  0  0  0
   -0.0000   -1.5000   -0.0000 C   0  0  0  0  0  0  0  0  0  0  0  0
   -2.5981   -2.0000   -0.0000 O   0  0  0  0  0  0  0  0  0  0  0  0
   -2.5981    0.0000   -0.0000 O   0  0  0  0  0  0  0  0  0  0  0  0
   -2.5981    1.0000   -0.0000 C   0  0  0  0  0  0  0  0  0  0  0  0
   -3.4641    1.5000   -0.0000 C   0  0  0  0  0  0  0  0  0  0  0  0
    1.9595    1.6637   -0.0000 O   0  0  0  0  0  0  0  0  0  0  0  0
  1  2  1  0  0  0  0
  2  3  2  0  0  0  0
  3  4  1  0  0  0  0
  4  5  2  0  0  0  0
  5  6  1  0  0  0  0
  6  7  2  0  0  0  0
  2  7  1  0  0  0  0
  1  8  1  0  0  0  0
  8  9  2  0  0  0  0
  9 10  1  0  0  0  0
 10 11  1  0  0  0  0
 11 12  1  0  0  0  0
  8 12  1  0  0  0  0
 12 13  1  0  0  0  0
 13 14  2  3  0  0  0
 14 15  1  0  0  0  0
 15 16  2  0  0  0  0
 16 17  1  0  0  0  0
 17 18  2  0  0  0  0
 18 19  1  0  0  0  0
 19 20  2  0  0  0  0
 15 20  1  0  0  0  0
 18 21  1  0  0  0  0
 17 22  1  0  0  0  0
 22 23  1  0  0  0  0
 23 24  1  0  0  0  0
 11 25  2  0  0  0  0
M  END

