Message:
openmolecules.org MolfileCreator 1.0

 23 25  0  0  0  0  0  0  0  0999 V2000
    3.8971   -0.0000   -0.0000 C   0  0  0  0  0  0  0  0  0  0  0  0
    5.1962   -0.7500   -0.0000 C   0  0  0  0  0  0  0  0  0  0  0  0
    6.4952    0.0000   -0.0000 C   0  0  0  0  0  0  0  0  0  0  0  0
    6.4952    1.5000   -0.0000 C   0  0  0  0  0  0  0  0  0  0  0  0
    5.1962    2.2500   -0.0000 C   0  0  0  0  0  0  0  0  0  0  0  0
    3.8971    1.5000   -0.0000 C   0  0  0  0  0  0  0  0  0  0  0  0
    2.5981   -0.7500   -0.0000 N   0  0  0  0  0  0  0  0  0  0  0  0
    1.2990   -0.0000   -0.0000 C   0  0  0  0  0  0  0  0  0  0  0  0
    1.2990    1.5000   -0.0000 S   0  0  0  0  0  0  0  0  0  0  0  0
    0.0000   -0.7500   -0.0000 N   0  0  0  0  0  0  0  0  0  0  0  0
   -1.2990    0.0000   -0.0000 C   0  0  0  0  0  0  0  0  0  0  0  0
   -2.5981   -0.7500   -0.0000 C   0  0  0  0  0  0  0  0  0  0  0  0
   -2.5981   -2.2500   -0.0000 N   0  0  0  0  0  0  0  0  0  0  0  0
   -1.2990   -3.0000   -0.0000 C   0  0  0  0  0  0  0  0  0  0  0  0
   -1.2990   -4.5000   -0.0000 C   0  0  0  0  0  0  0  0  0  0  0  0
   -0.0000   -5.2500   -0.0000 C   0  0  0  0  0  0  0  0  0  0  0  0
    1.2990   -4.5000   -0.0000 C   0  0  0  0  0  0  0  0  0  0  0  0
    1.2990   -3.0000   -0.0000 C   0  0  0  0  0  0  0  0  0  0  0  0
   -0.0000   -2.2500   -0.0000 C   0  0  0  0  0  0  0  0  0  0  0  0
    2.5981   -2.2500   -0.0000 Br  0  0  0  0  0  0  0  0  0  0  0  0
    2.5981   -5.2500   -0.0000 O   0  0  0  0  0  0  0  0  0  0  0  0
   -0.0000   -6.7500   -0.0000 Br  0  0  0  0  0  0  0  0  0  0  0  0
   -2.5981   -5.2500   -0.0000 Br  0  0  0  0  0  0  0  0  0  0  0  0
  1  2  2  0  0  0  0
  2  3  1  0  0  0  0
  3  4  2  0  0  0  0
  4  5  1  0  0  0  0
  5  6  2  0  0  0  0
  1  6  1  0  0  0  0
  1  7  1  0  0  0  0
  7  8  1  0  0  0  0
  8  9  2  0  0  0  0
  8 10  1  0  0  0  0
 10 11  1  0  0  0  0
 11 12  1  0  0  0  0
 12 13  1  0  0  0  0
 13 14  2  0  0  0  0
 14 15  1  0  0  0  0
 15 16  2  0  0  0  0
 16 17  1  0  0  0  0
 17 18  1  0  0  0  0
 18 19  2  0  0  0  0
 10 19  1  0  0  0  0
 14 19  1  0  0  0  0
 18 20  1  0  0  0  0
 17 21  2  0  0  0  0
 16 22  1  0  0  0  0
 15 23  1  0  0  0  0
M  END

