Message:
openmolecules.org MolfileCreator 1.0

 15 16  0  0  1  0  0  0  0  0999 V2000
    2.5981   -2.0000   -0.0000 C   0  0  0  0  0  0  0  0  0  0  0  0
    3.4641   -1.5000   -0.0000 C   0  0  0  0  0  0  0  0  0  0  0  0
    3.4641   -0.5000   -0.0000 C   0  0  0  0  0  0  0  0  0  0  0  0
    2.5981    0.0000   -0.0000 C   0  0  0  0  0  0  0  0  0  0  0  0
    2.5981    1.0000   -0.0000 O   0  0  0  0  0  0  0  0  0  0  0  0
    1.7321   -0.5000   -0.0000 C   0  0  0  0  0  0  0  0  0  0  0  0
    1.7321   -1.5000   -0.0000 O   0  0  0  0  0  0  0  0  0  0  0  0
    0.8660   -0.0000   -0.0000 C   0  0  0  0  0  0  0  0  0  0  0  0
    0.0000   -0.5000   -0.0000 O   0  0  0  0  0  0  0  0  0  0  0  0
    2.5981   -3.0000   -0.0000 C   0  0  0  0  0  0  0  0  0  0  0  0
    1.7321   -3.5000   -0.0000 C   0  0  0  0  0  0  0  0  0  0  0  0
    1.7321   -4.5000   -0.0000 C   0  0  0  0  0  0  0  0  0  0  0  0
    2.5981   -5.0000   -0.0000 C   0  0  0  0  0  0  0  0  0  0  0  0
    3.4641   -4.5000   -0.0000 C   0  0  0  0  0  0  0  0  0  0  0  0
    3.4641   -3.5000   -0.0000 C   0  0  0  0  0  0  0  0  0  0  0  0
  1  2  1  0  0  0  0
  2  3  2  0  0  0  0
  4  3  1  0  0  0  0
  4  5  1  1  0  0  0
  6  4  1  0  0  0  0
  6  7  1  0  0  0  0
  1  7  1  0  0  0  0
  6  8  1  6  0  0  0
  8  9  1  0  0  0  0
  1 10  1  1  0  0  0
 10 11  2  0  0  0  0
 11 12  1  0  0  0  0
 12 13  2  0  0  0  0
 13 14  1  0  0  0  0
 14 15  2  0  0  0  0
 10 15  1  0  0  0  0
M  END

