Message:
openmolecules.org MolfileCreator 1.0

 27 28  0  0  0  0  0  0  0  0999 V2000
    5.2415   -2.2696   -0.0000 C   0  0  0  0  0  0  0  0  0  0  0  0
    6.5519   -3.0262   -0.0000 C   0  0  0  0  0  0  0  0  0  0  0  0
    5.2415   -0.7565   -0.0000 C   0  0  0  0  0  0  0  0  0  0  0  0
    3.9311   -0.0000   -0.0000 C   0  0  0  0  0  0  0  0  0  0  0  0
    3.9311    1.5131   -0.0000 O   0  0  0  0  0  0  0  0  0  0  0  0
    2.5949   -0.5692   -0.0000 N   0  0  0  0  0  0  0  0  0  0  0  0
    1.3104   -0.0000   -0.0000 C   0  0  0  0  0  0  0  0  0  0  0  0
    0.0000   -0.7565   -0.0000 C   0  0  0  0  0  0  0  0  0  0  0  0
   -1.3104    0.0000   -0.0000 C   0  0  0  0  0  0  0  0  0  0  0  0
   -2.6208   -0.7565   -0.0000 C   0  0  0  0  0  0  0  0  0  0  0  0
   -2.6208   -2.2696   -0.0000 C   0  0  0  0  0  0  0  0  0  0  0  0
   -1.3104   -3.0262   -0.0000 C   0  0  0  0  0  0  0  0  0  0  0  0
   -0.0000   -2.2696   -0.0000 C   0  0  0  0  0  0  0  0  0  0  0  0
   -3.9311   -3.0262   -0.0000 C   0  0  0  0  0  0  0  0  0  0  0  0
   -3.1746   -4.3366   -0.0000 F   0  0  0  0  0  0  0  0  0  0  0  0
   -5.2415   -3.7827   -0.0000 F   0  0  0  0  0  0  0  0  0  0  0  0
   -4.6877   -1.7158   -0.0000 F   0  0  0  0  0  0  0  0  0  0  0  0
    6.5519   -0.0000   -0.0000 C   0  0  0  0  0  0  0  0  0  0  0  0
    6.5519    1.5131   -0.0000 C   0  0  0  0  0  0  0  0  0  0  0  0
    3.9311   -1.5131   -0.0000 C   0  0  0  0  0  0  0  0  0  0  0  0
    2.6724   -1.1313   -0.0000 O   0  0  0  0  0  0  0  0  0  0  0  0
    3.9311   -3.0262   -0.0000 N   0  0  0  0  0  0  0  0  0  0  0  0
    2.6208   -3.7827   -0.0000 C   0  0  0  0  0  0  0  0  0  0  0  0
    2.6208   -5.2958   -0.0000 C   0  0  0  0  0  0  0  0  0  0  0  0
    3.9311   -6.0524   -0.0000 N   0  0  0  0  0  0  0  0  0  0  0  0
    5.2415   -5.2958   -0.0000 C   0  0  0  0  0  0  0  0  0  0  0  0
    5.2415   -3.7827   -0.0000 C   0  0  0  0  0  0  0  0  0  0  0  0
  1  2  1  0  0  0  0
  1  3  1  0  0  0  0
  3  4  1  0  0  0  0
  4  5  2  0  0  0  0
  4  6  1  0  0  0  0
  6  7  1  0  0  0  0
  7  8  1  0  0  0  0
  8  9  2  0  0  0  0
  9 10  1  0  0  0  0
 10 11  2  0  0  0  0
 11 12  1  0  0  0  0
 12 13  2  0  0  0  0
  8 13  1  0  0  0  0
 11 14  1  0  0  0  0
 14 15  1  0  0  0  0
 14 16  1  0  0  0  0
 14 17  1  0  0  0  0
  3 18  1  0  0  0  0
 18 19  1  0  0  0  0
  3 20  1  0  0  0  0
 20 21  2  0  0  0  0
 20 22  1  0  0  0  0
 22 23  1  0  0  0  0
 23 24  1  0  0  0  0
 24 25  1  0  0  0  0
 25 26  1  0  0  0  0
 26 27  1  0  0  0  0
 22 27  1  0  0  0  0
M  END

