Message:
openmolecules.org MolfileCreator 1.0

 43 48  0  0  0  0  0  0  0  0999 V2000
   -1.2997    0.0000   -0.0000 C   0  0  0  0  0  0  0  0  0  0  0  0
   -1.2997    1.5008   -0.0000 C   0  0  0  0  0  0  0  0  0  0  0  0
   -2.5994    2.2512   -0.0000 C   0  0  0  0  0  0  0  0  0  0  0  0
   -3.8991    1.5008   -0.0000 C   0  0  0  0  0  0  0  0  0  0  0  0
   -3.8991    0.0000   -0.0000 C   0  0  0  0  0  0  0  0  0  0  0  0
   -2.5994   -0.7504   -0.0000 C   0  0  0  0  0  0  0  0  0  0  0  0
   -0.1478   -0.5929   -0.0000 C   0  0  0  0  0  0  0  0  0  0  0  0
   -0.0000   -2.2512   -0.0000 C   0  0  0  0  0  0  0  0  0  0  0  0
    1.2997   -3.0016   -0.0000 C   0  0  0  0  0  0  0  0  0  0  0  0
    2.5994   -2.2512   -0.0000 C   0  0  0  0  0  0  0  0  0  0  0  0
    3.8991   -3.0016   -0.0000 C   0  0  0  0  0  0  0  0  0  0  0  0
    3.9774   -4.2984   -0.0000 O   0  0  0  0  0  0  0  0  0  0  0  0
    5.1988   -2.2512   -0.0000 N   0  0  0  0  0  0  0  0  0  0  0  0
    5.1988   -0.7504   -0.0000 C   0  0  0  0  0  0  0  0  0  0  0  0
    6.4986   -0.0000   -0.0000 C   0  0  0  0  0  0  0  0  0  0  0  0
    7.7983   -0.7504   -0.0000 C   0  0  0  0  0  0  0  0  0  0  0  0
    7.7983   -2.2512   -0.0000 C   0  0  0  0  0  0  0  0  0  0  0  0
    9.0980   -3.0016   -0.0000 C   0  0  0  0  0  0  0  0  0  0  0  0
    9.0980   -4.5023   -0.0000 C   0  0  0  0  0  0  0  0  0  0  0  0
    7.7983   -5.2527   -0.0000 C   0  0  0  0  0  0  0  0  0  0  0  0
    7.7983   -6.7535   -0.0000 C   0  0  0  0  0  0  0  0  0  0  0  0
    6.4986   -7.5039   -0.0000 C   0  0  0  0  0  0  0  0  0  0  0  0
    5.1988   -6.7535   -0.0000 C   0  0  0  0  0  0  0  0  0  0  0  0
    5.1988   -5.2527   -0.0000 N   0  0  0  0  0  0  0  0  0  0  0  0
    6.4986   -4.5023   -0.0000 C   0  0  0  0  0  0  0  0  0  0  0  0
    6.4986   -3.0016   -0.0000 C   0  0  0  0  0  0  0  0  0  0  0  0
    3.7293   -4.8896   -0.0000 C   0  0  0  0  0  0  0  0  0  0  0  0
    2.8894   -6.0031   -0.0000 C   0  0  0  0  0  0  0  0  0  0  0  0
    3.7715   -7.2173   -0.0000 C   0  0  0  0  0  0  0  0  0  0  0  0
    6.4986    1.5008   -0.0000 C   0  0  0  0  0  0  0  0  0  0  0  0
    7.7983    2.2512   -0.0000 O   0  0  0  0  0  0  0  0  0  0  0  0
    5.1988    2.2512   -0.0000 O   0  0  0  0  0  0  0  0  0  0  0  0
    5.1988    3.7519   -0.0000 C   0  0  0  0  0  0  0  0  0  0  0  0
    6.4986    4.5023   -0.0000 C   0  0  0  0  0  0  0  0  0  0  0  0
    3.8991    4.5023   -0.0000 C   0  0  0  0  0  0  0  0  0  0  0  0
    3.8991   -0.0000   -0.0000 C   0  0  0  0  0  0  0  0  0  0  0  0
    3.8991    1.5008   -0.0000 O   0  0  0  0  0  0  0  0  0  0  0  0
    2.4097   -0.8486   -0.0000 O   0  0  0  0  0  0  0  0  0  0  0  0
    1.3269    0.2201   -0.0000 C   0  0  0  0  0  0  0  0  0  0  0  0
    1.2997    1.5008   -0.0000 C   0  0  0  0  0  0  0  0  0  0  0  0
    0.2180   -0.9826   -0.0000 C   0  0  0  0  0  0  0  0  0  0  0  0
    2.6240   -0.4046   -0.0000 C   0  0  0  0  0  0  0  0  0  0  0  0
    1.2621   -0.3045   -0.0000 C   0  0  0  0  0  0  0  0  0  0  0  0
  1  2  2  0  0  0  0
  2  3  1  0  0  0  0
  3  4  2  0  0  0  0
  4  5  1  0  0  0  0
  5  6  2  0  0  0  0
  1  6  1  0  0  0  0
  1  7  1  0  0  0  0
  7  8  2  0  0  0  0
  8  9  1  0  0  0  0
  9 10  2  0  0  0  0
 10 11  1  0  0  0  0
 11 12  2  0  0  0  0
 11 13  1  0  0  0  0
 13 14  1  0  0  0  0
 14 15  1  0  0  0  0
 15 16  2  0  0  0  0
 16 17  1  0  0  0  0
 17 18  1  0  0  0  0
 18 19  2  0  0  0  0
 19 20  1  0  0  0  0
 20 21  1  0  0  0  0
 21 22  2  0  0  0  0
 22 23  1  0  0  0  0
 23 24  1  0  0  0  0
 24 25  1  0  0  0  0
 20 25  2  0  0  0  0
 25 26  1  0  0  0  0
 13 26  1  0  0  0  0
 17 26  2  0  0  0  0
 24 27  1  0  0  0  0
 27 28  2  0  0  0  0
 28 29  1  0  0  0  0
 23 29  2  0  0  0  0
 15 30  1  0  0  0  0
 30 31  2  0  0  0  0
 30 32  1  0  0  0  0
 32 33  1  0  0  0  0
 33 34  1  0  0  0  0
 33 35  1  0  0  0  0
 14 36  1  0  0  0  0
 36 37  2  0  0  0  0
 36 38  1  0  0  0  0
 38 39  1  0  0  0  0
 39 40  1  0  0  0  0
 39 41  1  0  0  0  0
 10 42  1  0  0  0  0
 42 43  2  0  0  0  0
  7 43  1  0  0  0  0
M  END

