Message:
openmolecules.org MolfileCreator 1.0

 11 10  0  0  0  0  0  0  0  0999 V2000
    6.4952   -0.0000   -0.0000 C   0  0  0  0  0  0  0  0  0  0  0  0
    7.7943   -0.7500   -0.0000 C   0  0  0  0  0  0  0  0  0  0  0  0
    9.0933   -0.0000   -0.0000 C   0  0  0  0  0  0  0  0  0  0  0  0
   10.3924   -0.7500   -0.0000 C   0  0  0  0  0  0  0  0  0  0  0  0
    5.1962   -0.7500   -0.0000 S   0  0  0  0  0  0  0  0  0  0  0  0
    4.4462   -2.0490   -0.0000 O   0  0  0  0  0  0  0  0  0  0  0  0
    5.9462   -2.0490   -0.0000 N   0  0  0  0  0  0  0  0  0  0  0  0
    3.8971   -0.0000   -0.0000 C   0  0  0  0  0  0  0  0  0  0  0  0
    2.5981   -0.7500   -0.0000 C   0  0  0  0  0  0  0  0  0  0  0  0
    1.2990   -0.0000   -0.0000 C   0  0  0  0  0  0  0  0  0  0  0  0
    0.0000   -0.7500   -0.0000 C   0  0  0  0  0  0  0  0  0  0  0  0
  1  2  1  0  0  0  0
  2  3  1  0  0  0  0
  3  4  1  0  0  0  0
  1  5  1  0  0  0  0
  5  6  2  0  0  0  0
  5  7  2  0  0  0  0
  5  8  1  0  0  0  0
  8  9  1  0  0  0  0
  9 10  1  0  0  0  0
 10 11  1  0  0  0  0
M  END

