Message:
openmolecules.org MolfileCreator 1.0

 30 32  0  0  0  0  0  0  0  0999 V2000
   -2.5981   -2.2500   -0.0000 Cl  0  0  0  0  0  0  0  0  0  0  0  0
   -2.5981   -0.7500   -0.0000 C   0  0  0  0  0  0  0  0  0  0  0  0
   -1.2990   -0.0000   -0.0000 C   0  0  0  0  0  0  0  0  0  0  0  0
   -1.2990    1.5000   -0.0000 C   0  0  0  0  0  0  0  0  0  0  0  0
   -2.5981    2.2500   -0.0000 C   0  0  0  0  0  0  0  0  0  0  0  0
   -3.8971    1.5000   -0.0000 C   0  0  0  0  0  0  0  0  0  0  0  0
   -3.8971   -0.0000   -0.0000 C   0  0  0  0  0  0  0  0  0  0  0  0
    0.0000   -0.7500   -0.0000 N   0  0  0  0  0  0  0  0  0  0  0  0
    1.2990   -0.0000   -0.0000 C   0  0  0  0  0  0  0  0  0  0  0  0
    1.2990    1.5000   -0.0000 C   0  0  0  0  0  0  0  0  0  0  0  0
    2.5981    2.2500   -0.0000 C   0  0  0  0  0  0  0  0  0  0  0  0
    2.5981    3.7500   -0.0000 C   0  0  0  0  0  0  0  0  0  0  0  0
    1.2990    4.5000   -0.0000 C   0  0  0  0  0  0  0  0  0  0  0  0
   -0.0000    3.7500   -0.0000 C   0  0  0  0  0  0  0  0  0  0  0  0
   -0.0000    2.2500   -0.0000 C   0  0  0  0  0  0  0  0  0  0  0  0
    1.2990    6.0000   -0.0000 N   0  0  0  0  0  0  0  0  0  0  0  0
    2.5981    6.7500   -0.0000 C   0  0  0  0  0  0  0  0  0  0  0  0
   -0.0000    6.7500   -0.0000 C   0  0  0  0  0  0  0  0  0  0  0  0
    3.8971    1.5000   -0.0000 C   0  0  0  0  0  0  0  0  0  0  0  0
    5.1962    2.2500   -0.0000 C   0  0  0  0  0  0  0  0  0  0  0  0
    6.4952    1.5000   -0.0000 C   0  0  0  0  0  0  0  0  0  0  0  0
    7.7942    2.2500   -0.0000 C   0  0  0  0  0  0  0  0  0  0  0  0
    7.7942    3.7500   -0.0000 C   0  0  0  0  0  0  0  0  0  0  0  0
    6.4952    4.5000   -0.0000 C   0  0  0  0  0  0  0  0  0  0  0  0
    5.1962    3.7500   -0.0000 C   0  0  0  0  0  0  0  0  0  0  0  0
    9.0933    4.5000   -0.0000 N   0  0  0  0  0  0  0  0  0  0  0  0
   10.3923    3.7500   -0.0000 C   0  0  0  0  0  0  0  0  0  0  0  0
    9.0933    6.0000   -0.0000 C   0  0  0  0  0  0  0  0  0  0  0  0
    6.4952   -0.0000   -0.0000 I   0  0  0  0  0  0  0  0  0  0  0  0
    2.5981   -0.7500   -0.0000 O   0  0  0  0  0  0  0  0  0  0  0  0
  1  2  1  0  0  0  0
  2  3  2  0  0  0  0
  3  4  1  0  0  0  0
  4  5  2  0  0  0  0
  5  6  1  0  0  0  0
  6  7  2  0  0  0  0
  2  7  1  0  0  0  0
  3  8  1  0  0  0  0
  8  9  1  0  0  0  0
  9 10  1  0  0  0  0
 10 11  2  0  0  0  0
 11 12  1  0  0  0  0
 12 13  2  0  0  0  0
 13 14  1  0  0  0  0
 14 15  2  0  0  0  0
 10 15  1  0  0  0  0
 13 16  1  0  0  0  0
 16 17  1  0  0  0  0
 16 18  1  0  0  0  0
 11 19  1  0  0  0  0
 19 20  1  0  0  0  0
 20 21  2  0  0  0  0
 21 22  1  0  0  0  0
 22 23  2  0  0  0  0
 23 24  1  0  0  0  0
 24 25  2  0  0  0  0
 20 25  1  0  0  0  0
 23 26  1  0  0  0  0
 26 27  1  0  0  0  0
 26 28  1  0  0  0  0
 21 29  1  0  0  0  0
  9 30  2  0  0  0  0
M  CHG  1   8  -1
M  END

