Message:
openmolecules.org MolfileCreator 1.0

 18 19  0  0  0  0  0  0  0  0999 V2000
    6.0622   -2.0000   -0.0000 N   0  0  0  0  0  0  0  0  0  0  0  0
    6.0622   -3.0000   -0.0000 O   0  0  0  0  0  0  0  0  0  0  0  0
    6.9282   -1.5000   -0.0000 O   0  0  0  0  0  0  0  0  0  0  0  0
    5.1962   -1.5000   -0.0000 C   0  0  0  0  0  0  0  0  0  0  0  0
    5.1962   -0.5000   -0.0000 C   0  0  0  0  0  0  0  0  0  0  0  0
    4.3301    0.0000   -0.0000 C   0  0  0  0  0  0  0  0  0  0  0  0
    3.4641   -0.5000   -0.0000 C   0  0  0  0  0  0  0  0  0  0  0  0
    3.4641   -1.5000   -0.0000 C   0  0  0  0  0  0  0  0  0  0  0  0
    2.5981   -2.0000   -0.0000 C   0  0  0  0  0  0  0  0  0  0  0  0
    2.5981   -3.0000   -0.0000 C   0  0  0  0  0  0  0  0  0  0  0  0
    3.4641   -3.5000   -0.0000 C   0  0  0  0  0  0  0  0  0  0  0  0
    4.3301   -3.0000   -0.0000 C   0  0  0  0  0  0  0  0  0  0  0  0
    4.3301   -2.0000   -0.0000 C   0  0  0  0  0  0  0  0  0  0  0  0
    2.5981   -0.0000   -0.0000 Se  0  0  0  0  0  0  0  0  0  0  0  0
    1.7321   -0.5000   -0.0000 C   0  0  0  0  0  0  0  0  0  0  0  0
    0.8660   -0.0000   -0.0000 C   0  0  0  0  0  0  0  0  0  0  0  0
    0.8660    1.0000   -0.0000 O   0  0  0  0  0  0  0  0  0  0  0  0
    0.0000   -0.5000   -0.0000 O   0  0  0  0  0  0  0  0  0  0  0  0
  1  2  2  0  0  0  0
  1  3  1  0  0  0  0
  1  4  1  0  0  0  0
  4  5  2  0  0  0  0
  5  6  1  0  0  0  0
  6  7  2  0  0  0  0
  7  8  1  0  0  0  0
  8  9  2  0  0  0  0
  9 10  1  0  0  0  0
 10 11  2  0  0  0  0
 11 12  1  0  0  0  0
 12 13  2  0  0  0  0
  4 13  1  0  0  0  0
  8 13  1  0  0  0  0
  7 14  1  0  0  0  0
 14 15  1  0  0  0  0
 15 16  1  0  0  0  0
 16 17  2  0  0  0  0
 16 18  1  0  0  0  0
M  CHG  2   1   1   3  -1
M  END

