Message:
openmolecules.org MolfileCreator 1.0

 38 42  0  0  0  0  0  0  0  0999 V2000
    3.4641    1.5000   -0.0000 C   0  0  0  0  0  0  0  0  0  0  0  0
    2.5981    1.0000   -0.0000 O   0  0  0  0  0  0  0  0  0  0  0  0
    2.5981    0.0000   -0.0000 C   0  0  0  0  0  0  0  0  0  0  0  0
    1.7321   -0.5000   -0.0000 C   0  0  0  0  0  0  0  0  0  0  0  0
    1.7321   -1.5000   -0.0000 C   0  0  0  0  0  0  0  0  0  0  0  0
    2.5981   -2.0000   -0.0000 C   0  0  0  0  0  0  0  0  0  0  0  0
    3.4641   -1.5000   -0.0000 C   0  0  0  0  0  0  0  0  0  0  0  0
    4.3301   -2.0000   -0.0000 C   0  0  0  0  0  0  0  0  0  0  0  0
    5.1962   -1.5000   -0.0000 C   0  0  0  0  0  0  0  0  0  0  0  0
    6.0622   -2.0000   -0.0000 C   0  0  0  0  0  0  0  0  0  0  0  0
    6.9282   -1.5000   -0.0000 C   0  0  0  0  0  0  0  0  0  0  0  0
    6.9282   -0.5000   -0.0000 C   0  0  0  0  0  0  0  0  0  0  0  0
    6.0622    0.0000   -0.0000 C   0  0  0  0  0  0  0  0  0  0  0  0
    5.1962   -0.5000   -0.0000 C   0  0  0  0  0  0  0  0  0  0  0  0
    4.3301    0.0000   -0.0000 C   0  0  0  0  0  0  0  0  0  0  0  0
    3.4641   -0.5000   -0.0000 C   0  0  0  0  0  0  0  0  0  0  0  0
    4.3301    1.0000   -0.0000 O   0  0  0  0  0  0  0  0  0  0  0  0
    4.3301   -3.0000   -0.0000 O   0  0  0  0  0  0  0  0  0  0  0  0
    2.5981   -3.0000   -0.0000 O   0  0  0  0  0  0  0  0  0  0  0  0
    3.4641   -3.5000   -0.0000 C   0  0  0  0  0  0  0  0  0  0  0  0
    0.8660   -2.0000   -0.0000 C   0  0  0  0  0  0  0  0  0  0  0  0
    0.8660   -3.0000   -0.0000 C   0  0  0  0  0  0  0  0  0  0  0  0
    1.6750   -3.5878   -0.0000 C   0  0  0  0  0  0  0  0  0  0  0  0
    1.3660   -4.5388   -0.0000 C   0  0  0  0  0  0  0  0  0  0  0  0
    0.3660   -4.5388   -0.0000 C   0  0  0  0  0  0  0  0  0  0  0  0
    0.0570   -3.5878   -0.0000 C   0  0  0  0  0  0  0  0  0  0  0  0
   -0.0250   -2.5460   -0.0000 N   0  0  0  0  0  0  0  0  0  0  0  0
   -0.8637   -3.0906   -0.0000 O   0  0  0  0  0  0  0  0  0  0  0  0
   -0.0773   -1.5474   -0.0000 O   0  0  0  0  0  0  0  0  0  0  0  0
    0.8660   -0.0000   -0.0000 C   0  0  0  0  0  0  0  0  0  0  0  0
    0.8660    1.0000   -0.0000 C   0  0  0  0  0  0  0  0  0  0  0  0
    1.6750    1.5878   -0.0000 C   0  0  0  0  0  0  0  0  0  0  0  0
    1.3660    2.5388   -0.0000 C   0  0  0  0  0  0  0  0  0  0  0  0
    0.3660    2.5388   -0.0000 C   0  0  0  0  0  0  0  0  0  0  0  0
    0.0570    1.5878   -0.0000 C   0  0  0  0  0  0  0  0  0  0  0  0
   -0.0250    0.5460   -0.0000 N   0  0  0  0  0  0  0  0  0  0  0  0
   -0.8637    1.0906   -0.0000 O   0  0  0  0  0  0  0  0  0  0  0  0
   -0.0773   -0.4526   -0.0000 O   0  0  0  0  0  0  0  0  0  0  0  0
  1  2  1  0  0  0  0
  2  3  1  0  0  0  0
  3  4  2  0  0  0  0
  4  5  1  0  0  0  0
  5  6  2  0  0  0  0
  6  7  1  0  0  0  0
  7  8  1  0  0  0  0
  8  9  1  0  0  0  0
  9 10  2  0  0  0  0
 10 11  1  0  0  0  0
 11 12  2  0  0  0  0
 12 13  1  0  0  0  0
 13 14  2  0  0  0  0
  9 14  1  0  0  0  0
 14 15  1  0  0  0  0
 15 16  1  0  0  0  0
  3 16  1  0  0  0  0
  7 16  2  0  0  0  0
 15 17  2  0  0  0  0
  8 18  2  0  0  0  0
  6 19  1  0  0  0  0
 19 20  1  0  0  0  0
  5 21  1  0  0  0  0
 21 22  1  0  0  0  0
 22 23  1  0  0  0  0
 23 24  1  0  0  0  0
 24 25  1  0  0  0  0
 25 26  1  0  0  0  0
 22 26  1  0  0  0  0
 22 27  1  0  0  0  0
 27 28  2  0  0  0  0
 27 29  1  0  0  0  0
  4 30  1  0  0  0  0
 30 31  1  0  0  0  0
 31 32  1  0  0  0  0
 32 33  1  0  0  0  0
 33 34  1  0  0  0  0
 34 35  1  0  0  0  0
 31 35  1  0  0  0  0
 31 36  1  0  0  0  0
 36 37  2  0  0  0  0
 36 38  1  0  0  0  0
M  CHG  4  27   1  29  -1  36   1  38  -1
M  END

