Message:
openmolecules.org MolfileCreator 1.0

 45 49  0  0  0  0  0  0  0  0999 V2000
   15.6871   -9.5983   -0.0000 Cl  0  0  0  0  0  0  0  0  0  0  0  0
   14.1859   -9.6826   -0.0000 C   0  0  0  0  0  0  0  0  0  0  0  0
   13.5083  -11.0248   -0.0000 C   0  0  0  0  0  0  0  0  0  0  0  0
   12.0071  -11.1091   -0.0000 C   0  0  0  0  0  0  0  0  0  0  0  0
   11.1834   -9.8512   -0.0000 C   0  0  0  0  0  0  0  0  0  0  0  0
    9.6822   -9.9355   -0.0000 C   0  0  0  0  0  0  0  0  0  0  0  0
    8.8586   -8.6775   -0.0000 O   0  0  0  0  0  0  0  0  0  0  0  0
    7.3573   -8.7619   -0.0000 C   0  0  0  0  0  0  0  0  0  0  0  0
    6.6797  -10.1041   -0.0000 O   0  0  0  0  0  0  0  0  0  0  0  0
    6.5337   -7.5039   -0.0000 C   0  0  0  0  0  0  0  0  0  0  0  0
    7.2113   -6.1617   -0.0000 C   0  0  0  0  0  0  0  0  0  0  0  0
    6.3877   -4.9037   -0.0000 N   0  0  0  0  0  0  0  0  0  0  0  0
    4.8865   -4.9880   -0.0000 C   0  0  0  0  0  0  0  0  0  0  0  0
    4.2089   -6.3303   -0.0000 N   0  0  0  0  0  0  0  0  0  0  0  0
    5.0325   -7.5882   -0.0000 C   0  0  0  0  0  0  0  0  0  0  0  0
    4.0628   -3.7301   -0.0000 N   0  0  0  0  0  0  0  0  0  0  0  0
    4.8389   -2.4422   -0.0000 C   0  0  0  0  0  0  0  0  0  0  0  0
    4.3158   -1.0325   -0.0000 C   0  0  0  0  0  0  0  0  0  0  0  0
    2.8875   -0.5625   -0.0000 N   0  0  0  0  0  0  0  0  0  0  0  0
    1.6296   -1.3862   -0.0000 C   0  0  0  0  0  0  0  0  0  0  0  0
    1.4892   -2.8832   -0.0000 C   0  0  0  0  0  0  0  0  0  0  0  0
    2.5721   -3.9263   -0.0000 C   0  0  0  0  0  0  0  0  0  0  0  0
    2.6913    0.9282   -0.0000 C   0  0  0  0  0  0  0  0  0  0  0  0
    3.9243    1.6419   -0.0000 O   0  0  0  0  0  0  0  0  0  0  0  0
    1.3021    1.5036   -0.0000 C   0  0  0  0  0  0  0  0  0  0  0  0
   -0.0870    0.9282   -0.0000 C   0  0  0  0  0  0  0  0  0  0  0  0
   -0.6624    2.3173   -0.0000 C   0  0  0  0  0  0  0  0  0  0  0  0
    0.7267    2.8927   -0.0000 C   0  0  0  0  0  0  0  0  0  0  0  0
    2.3654    2.5668   -0.0000 C   0  0  0  0  0  0  0  0  0  0  0  0
    3.7977    2.2784   -0.0000 N   0  0  0  0  0  0  0  0  0  0  0  0
    4.8809    3.2408   -0.0000 C   0  0  0  0  0  0  0  0  0  0  0  0
    6.3333    2.8517   -0.0000 C   0  0  0  0  0  0  0  0  0  0  0  0
    6.7224    1.3993   -0.0000 C   0  0  0  0  0  0  0  0  0  0  0  0
    8.1748    1.0102   -0.0000 C   0  0  0  0  0  0  0  0  0  0  0  0
    8.5639   -0.4422   -0.0000 C   0  0  0  0  0  0  0  0  0  0  0  0
    7.5007   -1.5054   -0.0000 C   0  0  0  0  0  0  0  0  0  0  0  0
    6.0484   -1.1162   -0.0000 C   0  0  0  0  0  0  0  0  0  0  0  0
    5.6592    0.3361   -0.0000 C   0  0  0  0  0  0  0  0  0  0  0  0
    1.9762    4.0192   -0.0000 O   0  0  0  0  0  0  0  0  0  0  0  0
    8.7126   -6.0773   -0.0000 C   0  0  0  0  0  0  0  0  0  0  0  0
    8.6282   -4.5761   -0.0000 F   0  0  0  0  0  0  0  0  0  0  0  0
   10.2138   -5.9930   -0.0000 F   0  0  0  0  0  0  0  0  0  0  0  0
    8.7969   -7.5786   -0.0000 F   0  0  0  0  0  0  0  0  0  0  0  0
   11.8610   -8.5089   -0.0000 C   0  0  0  0  0  0  0  0  0  0  0  0
   13.3623   -8.4246   -0.0000 C   0  0  0  0  0  0  0  0  0  0  0  0
  1  2  1  0  0  0  0
  2  3  2  0  0  0  0
  3  4  1  0  0  0  0
  4  5  2  0  0  0  0
  5  6  1  0  0  0  0
  6  7  1  0  0  0  0
  7  8  1  0  0  0  0
  8  9  2  0  0  0  0
  8 10  1  0  0  0  0
 10 11  1  0  0  0  0
 11 12  2  0  0  0  0
 12 13  1  0  0  0  0
 13 14  2  0  0  0  0
 14 15  1  0  0  0  0
 10 15  2  0  0  0  0
 13 16  1  0  0  0  0
 16 17  1  0  0  0  0
 17 18  1  0  0  0  0
 18 19  1  0  0  0  0
 19 20  1  0  0  0  0
 20 21  1  0  0  0  0
 21 22  1  0  0  0  0
 16 22  1  0  0  0  0
 19 23  1  0  0  0  0
 23 24  2  0  0  0  0
 23 25  1  0  0  0  0
 25 26  1  0  0  0  0
 26 27  1  0  0  0  0
 27 28  1  0  0  0  0
 25 28  1  0  0  0  0
 25 29  1  0  0  0  0
 29 30  1  0  0  0  0
 30 31  1  0  0  0  0
 31 32  1  0  0  0  0
 32 33  1  0  0  0  0
 33 34  2  0  0  0  0
 34 35  1  0  0  0  0
 35 36  2  0  0  0  0
 36 37  1  0  0  0  0
 37 38  2  0  0  0  0
 33 38  1  0  0  0  0
 29 39  2  0  0  0  0
 11 40  1  0  0  0  0
 40 41  1  0  0  0  0
 40 42  1  0  0  0  0
 40 43  1  0  0  0  0
  5 44  1  0  0  0  0
 44 45  2  0  0  0  0
  2 45  1  0  0  0  0
M  END

