Message:
openmolecules.org MolfileCreator 1.0

 17 18  0  0  0  0  0  0  0  0999 V2000
    2.7369   -1.4945   -0.0000 I   0  0  0  0  0  0  0  0  0  0  0  0
   -1.3199   -2.7978   -0.0000 C   0  0  0  0  0  0  0  0  0  0  0  0
   -0.9778   -3.7375   -0.0000 C   0  0  0  0  0  0  0  0  0  0  0  0
   -2.2596   -3.1398   -0.0000 C   0  0  0  0  0  0  0  0  0  0  0  0
   -1.6619   -1.8581   -0.0000 C   0  0  0  0  0  0  0  0  0  0  0  0
   -0.3802   -2.4558   -0.0000 C   0  0  0  0  0  0  0  0  0  0  0  0
    0.4489   -3.0150   -0.0000 C   0  0  0  0  0  0  0  0  0  0  0  0
    1.2369   -2.3993   -0.0000 S   0  0  0  0  0  0  0  0  0  0  0  0
    0.8949   -1.4596   -0.0000 C   0  0  0  0  0  0  0  0  0  0  0  0
    1.1705   -0.4984   -0.0000 N   0  0  0  0  0  0  0  0  0  0  0  0
    0.3415    0.0608   -0.0000 C   0  0  0  0  0  0  0  0  0  0  0  0
   -0.4465   -0.5548   -0.0000 C   0  0  0  0  0  0  0  0  0  0  0  0
   -0.1045   -1.4945   -0.0000 N   0  0  0  0  0  0  0  0  0  0  0  0
   -1.3737   -0.1802   -0.0000 C   0  0  0  0  0  0  0  0  0  0  0  0
   -1.5129    0.8100   -0.0000 C   0  0  0  0  0  0  0  0  0  0  0  0
   -0.7249    1.4257   -0.0000 C   0  0  0  0  0  0  0  0  0  0  0  0
    0.2023    1.0511   -0.0000 C   0  0  0  0  0  0  0  0  0  0  0  0
  2  3  1  0  0  0  0
  2  4  1  0  0  0  0
  2  5  1  0  0  0  0
  2  6  1  0  0  0  0
  6  7  2  0  0  0  0
  7  8  1  0  0  0  0
  8  9  1  0  0  0  0
  9 10  1  0  0  0  0
 10 11  1  0  0  0  0
 11 12  2  0  0  0  0
 12 13  1  0  0  0  0
  9 13  2  0  0  0  0
  6 13  1  0  0  0  0
 12 14  1  0  0  0  0
 14 15  2  0  0  0  0
 15 16  1  0  0  0  0
 16 17  2  0  0  0  0
 11 17  1  0  0  0  0
M  CHG  2   1  -1  13   1
M  END

