Message:
openmolecules.org MolfileCreator 1.0

 26 28  0  0  0  0  0  0  0  0999 V2000
    4.5856    0.8849   -0.0000 C   0  0  0  0  0  0  0  0  0  0  0  0
    5.5366    1.1939   -0.0000 C   0  0  0  0  0  0  0  0  0  0  0  0
    5.7445    2.1720   -0.0000 C   0  0  0  0  0  0  0  0  0  0  0  0
    4.3776   -0.0933   -0.0000 N   0  0  0  0  0  0  0  0  0  0  0  0
    3.4641   -0.5000   -0.0000 C   0  0  0  0  0  0  0  0  0  0  0  0
    3.5686   -1.4945   -0.0000 C   0  0  0  0  0  0  0  0  0  0  0  0
    4.5468   -1.7024   -0.0000 C   0  0  0  0  0  0  0  0  0  0  0  0
    5.0468   -2.5685   -0.0000 C   0  0  0  0  0  0  0  0  0  0  0  0
    6.0468   -2.5685   -0.0000 C   0  0  0  0  0  0  0  0  0  0  0  0
    6.5468   -1.7024   -0.0000 C   0  0  0  0  0  0  0  0  0  0  0  0
    6.0468   -0.8364   -0.0000 C   0  0  0  0  0  0  0  0  0  0  0  0
    5.0468   -0.8364   -0.0000 C   0  0  0  0  0  0  0  0  0  0  0  0
    6.5468    0.0296   -0.0000 I   0  0  0  0  0  0  0  0  0  0  0  0
    4.5468   -3.4345   -0.0000 O   0  0  0  0  0  0  0  0  0  0  0  0
    3.5468   -3.4345   -0.0000 C   0  0  0  0  0  0  0  0  0  0  0  0
    3.0468   -4.3005   -0.0000 C   0  0  0  0  0  0  0  0  0  0  0  0
    2.0468   -4.3005   -0.0000 C   0  0  0  0  0  0  0  0  0  0  0  0
    1.5468   -5.1665   -0.0000 C   0  0  0  0  0  0  0  0  0  0  0  0
    2.0468   -6.0326   -0.0000 C   0  0  0  0  0  0  0  0  0  0  0  0
    3.0468   -6.0326   -0.0000 C   0  0  0  0  0  0  0  0  0  0  0  0
    3.5468   -5.1665   -0.0000 C   0  0  0  0  0  0  0  0  0  0  0  0
    2.5981   -0.0000   -0.0000 C   0  0  0  0  0  0  0  0  0  0  0  0
    2.5981    1.0000   -0.0000 O   0  0  0  0  0  0  0  0  0  0  0  0
    1.7321   -0.5000   -0.0000 O   0  0  0  0  0  0  0  0  0  0  0  0
    0.8660   -0.0000   -0.0000 C   0  0  0  0  0  0  0  0  0  0  0  0
    0.0000   -0.5000   -0.0000 C   0  0  0  0  0  0  0  0  0  0  0  0
  1  2  1  0  0  0  0
  2  3  2  0  0  0  0
  1  4  1  0  0  0  0
  4  5  1  0  0  0  0
  5  6  2  0  0  0  0
  6  7  1  0  0  0  0
  7  8  2  0  0  0  0
  8  9  1  0  0  0  0
  9 10  2  0  0  0  0
 10 11  1  0  0  0  0
 11 12  2  0  0  0  0
  4 12  1  0  0  0  0
  7 12  1  0  0  0  0
 11 13  1  0  0  0  0
  8 14  1  0  0  0  0
 14 15  1  0  0  0  0
 15 16  1  0  0  0  0
 16 17  2  0  0  0  0
 17 18  1  0  0  0  0
 18 19  2  0  0  0  0
 19 20  1  0  0  0  0
 20 21  2  0  0  0  0
 16 21  1  0  0  0  0
  5 22  1  0  0  0  0
 22 23  2  0  0  0  0
 22 24  1  0  0  0  0
 24 25  1  0  0  0  0
 25 26  1  0  0  0  0
M  END

