Message:
openmolecules.org MolfileCreator 1.0

 15 16  0  0  1  0  0  0  0  0999 V2000
    1.7321   -0.5000   -0.0000 C   0  0  0  0  0  0  0  0  0  0  0  0
    0.8660   -0.0000   -0.0000 O   0  0  0  0  0  0  0  0  0  0  0  0
    0.0000   -0.5000   -0.0000 C   0  0  0  0  0  0  0  0  0  0  0  0
   -0.9305   -0.1338   -0.0000 C   0  0  0  0  0  0  0  0  0  0  0  0
   -1.7098   -1.2703   -0.0000 C   0  0  0  0  0  0  0  0  0  0  0  0
   -1.7705   -2.2685   -0.0000 C   0  0  0  0  0  0  0  0  0  0  0  0
   -0.8400   -2.6347   -0.0000 C   0  0  0  0  0  0  0  0  0  0  0  0
   -0.2042   -1.8628   -0.0000 C   0  0  0  0  0  0  0  0  0  0  0  0
   -0.7418   -1.0196   -0.0000 O   0  0  0  0  0  0  0  0  0  0  0  0
   -2.6556   -0.9454   -0.0000 C   0  0  0  0  0  0  0  0  0  0  0  0
   -1.2236    0.8223   -0.0000 C   0  0  0  0  0  0  0  0  0  0  0  0
   -0.5421    1.5541   -0.0000 O   0  0  0  0  0  0  0  0  0  0  0  0
   -2.1981    1.0465   -0.0000 O   0  0  0  0  0  0  0  0  0  0  0  0
    0.8265   -1.0630   -0.0000 O   0  0  0  0  0  0  0  0  0  0  0  0
    0.7522   -2.0602   -0.0000 C   0  0  0  0  0  0  0  0  0  0  0  0
  1  2  1  0  0  0  0
  2  3  1  0  0  0  0
  4  3  1  0  0  0  0
  5  4  1  0  0  0  0
  5  6  1  0  0  0  0
  6  7  2  0  0  0  0
  8  7  1  0  0  0  0
  3  8  1  0  0  0  0
  8  9  1  6  0  0  0
  5  9  1  0  0  0  0
  5 10  1  6  0  0  0
  4 11  1  1  0  0  0
 11 12  2  0  0  0  0
 11 13  1  0  0  0  0
  3 14  1  0  0  0  0
 14 15  1  0  0  0  0
M  END

