Message:
openmolecules.org MolfileCreator 1.0

 39 44  0  0  0  0  0  0  0  0999 V2000
    0.0000   -5.2964   -0.0000 C   0  0  0  0  0  0  0  0  0  0  0  0
   -1.3105   -4.5397   -0.0000 C   0  0  0  0  0  0  0  0  0  0  0  0
   -2.6210   -5.2964   -0.0000 C   0  0  0  0  0  0  0  0  0  0  0  0
   -2.6210   -6.8096   -0.0000 C   0  0  0  0  0  0  0  0  0  0  0  0
   -1.3105   -7.5662   -0.0000 C   0  0  0  0  0  0  0  0  0  0  0  0
    0.0000   -6.8096   -0.0000 C   0  0  0  0  0  0  0  0  0  0  0  0
    1.3105   -4.5397   -0.0000 C   0  0  0  0  0  0  0  0  0  0  0  0
    2.6210   -5.2964   -0.0000 C   0  0  0  0  0  0  0  0  0  0  0  0
    3.9315   -4.5397   -0.0000 C   0  0  0  0  0  0  0  0  0  0  0  0
    3.9315   -3.0265   -0.0000 C   0  0  0  0  0  0  0  0  0  0  0  0
    5.2420   -2.2699   -0.0000 C   0  0  0  0  0  0  0  0  0  0  0  0
    6.4139   -2.8553   -0.0000 O   0  0  0  0  0  0  0  0  0  0  0  0
    5.2420   -0.7566   -0.0000 N   0  0  0  0  0  0  0  0  0  0  0  0
    3.9315   -0.0000   -0.0000 C   0  0  0  0  0  0  0  0  0  0  0  0
    3.9315    1.5132   -0.0000 C   0  0  0  0  0  0  0  0  0  0  0  0
    5.2420    2.2699   -0.0000 C   0  0  0  0  0  0  0  0  0  0  0  0
    6.5525    1.5132   -0.0000 C   0  0  0  0  0  0  0  0  0  0  0  0
    7.8631    2.2699   -0.0000 C   0  0  0  0  0  0  0  0  0  0  0  0
    9.1736    1.5132   -0.0000 C   0  0  0  0  0  0  0  0  0  0  0  0
    9.1736    0.0000   -0.0000 C   0  0  0  0  0  0  0  0  0  0  0  0
   10.4841   -0.7566   -0.0000 C   0  0  0  0  0  0  0  0  0  0  0  0
   10.4841   -2.2699   -0.0000 C   0  0  0  0  0  0  0  0  0  0  0  0
    9.1736   -3.0265   -0.0000 C   0  0  0  0  0  0  0  0  0  0  0  0
    7.8631   -2.2699   -0.0000 N   0  0  0  0  0  0  0  0  0  0  0  0
    7.8631   -0.7566   -0.0000 C   0  0  0  0  0  0  0  0  0  0  0  0
    6.5525    0.0000   -0.0000 C   0  0  0  0  0  0  0  0  0  0  0  0
    6.8051   -3.3701   -0.0000 C   0  0  0  0  0  0  0  0  0  0  0  0
    7.3540   -4.6648   -0.0000 C   0  0  0  0  0  0  0  0  0  0  0  0
    8.8589   -4.5067   -0.0000 C   0  0  0  0  0  0  0  0  0  0  0  0
    2.6210    2.2699   -0.0000 C   0  0  0  0  0  0  0  0  0  0  0  0
    1.3105    1.5132   -0.0000 O   0  0  0  0  0  0  0  0  0  0  0  0
    2.6210    3.7831   -0.0000 O   0  0  0  0  0  0  0  0  0  0  0  0
    1.3105    4.5397   -0.0000 C   0  0  0  0  0  0  0  0  0  0  0  0
    2.6210   -0.7566   -0.0000 C   0  0  0  0  0  0  0  0  0  0  0  0
    2.3181   -2.0515   -0.0000 O   0  0  0  0  0  0  0  0  0  0  0  0
    1.3105   -0.0000   -0.0000 O   0  0  0  0  0  0  0  0  0  0  0  0
    0.0000   -0.7566   -0.0000 C   0  0  0  0  0  0  0  0  0  0  0  0
    2.7765   -2.3819   -0.0000 C   0  0  0  0  0  0  0  0  0  0  0  0
    1.3105   -3.0265   -0.0000 C   0  0  0  0  0  0  0  0  0  0  0  0
  1  2  2  0  0  0  0
  2  3  1  0  0  0  0
  3  4  2  0  0  0  0
  4  5  1  0  0  0  0
  5  6  2  0  0  0  0
  1  6  1  0  0  0  0
  1  7  1  0  0  0  0
  7  8  2  0  0  0  0
  8  9  1  0  0  0  0
  9 10  2  0  0  0  0
 10 11  1  0  0  0  0
 11 12  2  0  0  0  0
 11 13  1  0  0  0  0
 13 14  1  0  0  0  0
 14 15  1  0  0  0  0
 15 16  2  0  0  0  0
 16 17  1  0  0  0  0
 17 18  1  0  0  0  0
 18 19  2  0  0  0  0
 19 20  1  0  0  0  0
 20 21  1  0  0  0  0
 21 22  2  0  0  0  0
 22 23  1  0  0  0  0
 23 24  1  0  0  0  0
 24 25  1  0  0  0  0
 20 25  2  0  0  0  0
 25 26  1  0  0  0  0
 13 26  1  0  0  0  0
 17 26  2  0  0  0  0
 24 27  1  0  0  0  0
 27 28  2  0  0  0  0
 28 29  1  0  0  0  0
 23 29  2  0  0  0  0
 15 30  1  0  0  0  0
 30 31  2  0  0  0  0
 30 32  1  0  0  0  0
 32 33  1  0  0  0  0
 14 34  1  0  0  0  0
 34 35  2  0  0  0  0
 34 36  1  0  0  0  0
 36 37  1  0  0  0  0
 10 38  1  0  0  0  0
 38 39  2  0  0  0  0
  7 39  1  0  0  0  0
M  END

