Message:
openmolecules.org MolfileCreator 1.0

 24 26  0  0  0  0  0  0  0  0999 V2000
    5.1962   -2.2500   -0.0000 N   0  0  0  0  0  0  0  0  0  0  0  0
    3.8971   -3.0000   -0.0000 O   0  0  0  0  0  0  0  0  0  0  0  0
    6.4952   -3.0000   -0.0000 O   0  0  0  0  0  0  0  0  0  0  0  0
    5.1962   -0.7500   -0.0000 C   0  0  0  0  0  0  0  0  0  0  0  0
    3.8971   -0.0000   -0.0000 C   0  0  0  0  0  0  0  0  0  0  0  0
    3.8971    1.5000   -0.0000 C   0  0  0  0  0  0  0  0  0  0  0  0
    5.1962    2.2500   -0.0000 C   0  0  0  0  0  0  0  0  0  0  0  0
    6.4952    1.5000   -0.0000 C   0  0  0  0  0  0  0  0  0  0  0  0
    7.6099    2.5037   -0.0000 O   0  0  0  0  0  0  0  0  0  0  0  0
    6.9998    3.8740   -0.0000 C   0  0  0  0  0  0  0  0  0  0  0  0
    5.5080    3.7172   -0.0000 O   0  0  0  0  0  0  0  0  0  0  0  0
    6.4952    0.0000   -0.0000 C   0  0  0  0  0  0  0  0  0  0  0  0
    2.5981   -0.7500   -0.0000 C   0  0  0  0  0  0  0  0  0  0  0  0
    1.2990   -0.0000   -0.0000 C   0  0  0  0  0  0  0  0  0  0  0  0
    1.2990    1.5000   -0.0000 O   0  0  0  0  0  0  0  0  0  0  0  0
    0.0000   -0.7500   -0.0000 C   0  0  0  0  0  0  0  0  0  0  0  0
   -1.2990    0.0000   -0.0000 C   0  0  0  0  0  0  0  0  0  0  0  0
   -2.5981   -0.7500   -0.0000 C   0  0  0  0  0  0  0  0  0  0  0  0
   -2.5981   -2.2500   -0.0000 C   0  0  0  0  0  0  0  0  0  0  0  0
   -1.2990   -3.0000   -0.0000 C   0  0  0  0  0  0  0  0  0  0  0  0
   -0.0000   -2.2500   -0.0000 C   0  0  0  0  0  0  0  0  0  0  0  0
   -1.2990    1.5000   -0.0000 N   0  0  0  0  0  0  0  0  0  0  0  0
    0.0000    2.2500   -0.0000 O   0  0  0  0  0  0  0  0  0  0  0  0
   -2.5981    2.2500   -0.0000 O   0  0  0  0  0  0  0  0  0  0  0  0
  1  2  2  0  0  0  0
  1  3  1  0  0  0  0
  1  4  1  0  0  0  0
  4  5  1  0  0  0  0
  5  6  2  0  0  0  0
  6  7  1  0  0  0  0
  7  8  2  0  0  0  0
  8  9  1  0  0  0  0
  9 10  1  0  0  0  0
 10 11  1  0  0  0  0
  7 11  1  0  0  0  0
  8 12  1  0  0  0  0
  4 12  2  0  0  0  0
  5 13  1  0  0  0  0
 13 14  1  0  0  0  0
 14 15  1  0  0  0  0
 14 16  1  0  0  0  0
 16 17  2  0  0  0  0
 17 18  1  0  0  0  0
 18 19  2  0  0  0  0
 19 20  1  0  0  0  0
 20 21  2  0  0  0  0
 16 21  1  0  0  0  0
 17 22  1  0  0  0  0
 22 23  2  0  0  0  0
 22 24  1  0  0  0  0
M  CHG  4   1   1   3  -1  22   1  24  -1
M  END

