Message:
openmolecules.org MolfileCreator 1.0

 13 15  0  0  0  0  0  0  0  0999 V2000
    1.2990   -0.0000   -0.0000 C   0  0  0  0  0  0  0  0  0  0  0  0
    0.0000   -0.7500   -0.0000 C   0  0  0  0  0  0  0  0  0  0  0  0
   -1.3703   -0.1399   -0.0000 C   0  0  0  0  0  0  0  0  0  0  0  0
   -2.3740   -1.2546   -0.0000 S   0  0  0  0  0  0  0  0  0  0  0  0
   -1.6240   -2.5537   -0.0000 C   0  0  0  0  0  0  0  0  0  0  0  0
   -1.7808   -4.0454   -0.0000 N   0  0  0  0  0  0  0  0  0  0  0  0
   -0.4105   -4.6555   -0.0000 C   0  0  0  0  0  0  0  0  0  0  0  0
    0.5932   -3.5408   -0.0000 C   0  0  0  0  0  0  0  0  0  0  0  0
   -0.1568   -2.2418   -0.0000 N   0  0  0  0  0  0  0  0  0  0  0  0
    2.0604   -3.8527   -0.0000 C   0  0  0  0  0  0  0  0  0  0  0  0
    2.5240   -5.2793   -0.0000 C   0  0  0  0  0  0  0  0  0  0  0  0
    1.5203   -6.3940   -0.0000 C   0  0  0  0  0  0  0  0  0  0  0  0
    0.0530   -6.0821   -0.0000 C   0  0  0  0  0  0  0  0  0  0  0  0
  1  2  1  0  0  0  0
  2  3  2  0  0  0  0
  3  4  1  0  0  0  0
  4  5  1  0  0  0  0
  5  6  2  0  0  0  0
  6  7  1  0  0  0  0
  7  8  2  0  0  0  0
  8  9  1  0  0  0  0
  5  9  1  0  0  0  0
  2  9  1  0  0  0  0
  8 10  1  0  0  0  0
 10 11  2  0  0  0  0
 11 12  1  0  0  0  0
 12 13  2  0  0  0  0
  7 13  1  0  0  0  0
M  END

