Message:
openmolecules.org MolfileCreator 1.0

 45 51  0  0  0  0  0  0  0  0999 V2000
    6.7788    1.8364   -0.0000 Se  0  0  0  0  0  0  0  0  0  0  0  0
    6.2788    2.7024   -0.0000 N   0  0  0  0  0  0  0  0  0  0  0  0
    5.3007    2.4945   -0.0000 N   0  0  0  0  0  0  0  0  0  0  0  0
    5.1962    1.5000   -0.0000 C   0  0  0  0  0  0  0  0  0  0  0  0
    6.1097    1.0933   -0.0000 C   0  0  0  0  0  0  0  0  0  0  0  0
    4.3301    1.0000   -0.0000 C   0  0  0  0  0  0  0  0  0  0  0  0
    3.4641    1.5000   -0.0000 C   0  0  0  0  0  0  0  0  0  0  0  0
    2.5981    1.0000   -0.0000 C   0  0  0  0  0  0  0  0  0  0  0  0
    2.5981   -0.0000   -0.0000 C   0  0  0  0  0  0  0  0  0  0  0  0
    1.7321   -0.5000   -0.0000 O   0  0  0  0  0  0  0  0  0  0  0  0
    0.8660   -0.0000   -0.0000 C   0  0  0  0  0  0  0  0  0  0  0  0
    0.0000   -0.5000   -0.0000 C   0  0  0  0  0  0  0  0  0  0  0  0
   -0.8660    0.0000   -0.0000 C   0  0  0  0  0  0  0  0  0  0  0  0
   -1.7321   -0.5000   -0.0000 C   0  0  0  0  0  0  0  0  0  0  0  0
   -2.5981    0.0000   -0.0000 C   0  0  0  0  0  0  0  0  0  0  0  0
   -2.5981    1.0000   -0.0000 O   0  0  0  0  0  0  0  0  0  0  0  0
   -3.4641    1.5000   -0.0000 C   0  0  0  0  0  0  0  0  0  0  0  0
   -3.4641    2.5000   -0.0000 C   0  0  0  0  0  0  0  0  0  0  0  0
   -4.3301    3.0000   -0.0000 C   0  0  0  0  0  0  0  0  0  0  0  0
   -5.1962    2.5000   -0.0000 C   0  0  0  0  0  0  0  0  0  0  0  0
   -5.1962    1.5000   -0.0000 C   0  0  0  0  0  0  0  0  0  0  0  0
   -4.3301    1.0000   -0.0000 C   0  0  0  0  0  0  0  0  0  0  0  0
   -6.0622    3.0000   -0.0000 C   0  0  0  0  0  0  0  0  0  0  0  0
   -6.1667    3.9945   -0.0000 N   0  0  0  0  0  0  0  0  0  0  0  0
   -7.1449    4.2024   -0.0000 N   0  0  0  0  0  0  0  0  0  0  0  0
   -7.6449    3.3364   -0.0000 Se  0  0  0  0  0  0  0  0  0  0  0  0
   -6.9757    2.5933   -0.0000 C   0  0  0  0  0  0  0  0  0  0  0  0
   -1.7321   -1.5000   -0.0000 C   0  0  0  0  0  0  0  0  0  0  0  0
   -0.8660   -2.0000   -0.0000 C   0  0  0  0  0  0  0  0  0  0  0  0
   -0.0000   -1.5000   -0.0000 C   0  0  0  0  0  0  0  0  0  0  0  0
   -0.8660   -3.0000   -0.0000 C   0  0  0  0  0  0  0  0  0  0  0  0
   -1.7321   -3.5000   -0.0000 O   0  0  0  0  0  0  0  0  0  0  0  0
   -1.7321   -4.5000   -0.0000 C   0  0  0  0  0  0  0  0  0  0  0  0
   -2.5981   -5.0000   -0.0000 C   0  0  0  0  0  0  0  0  0  0  0  0
   -2.5981   -6.0000   -0.0000 C   0  0  0  0  0  0  0  0  0  0  0  0
   -1.7321   -6.5000   -0.0000 C   0  0  0  0  0  0  0  0  0  0  0  0
   -0.8660   -6.0000   -0.0000 C   0  0  0  0  0  0  0  0  0  0  0  0
   -0.8660   -5.0000   -0.0000 C   0  0  0  0  0  0  0  0  0  0  0  0
   -1.7321   -7.5000   -0.0000 C   0  0  0  0  0  0  0  0  0  0  0  0
   -2.5411   -8.0878   -0.0000 N   0  0  0  0  0  0  0  0  0  0  0  0
   -2.2321   -9.0388   -0.0000 N   0  0  0  0  0  0  0  0  0  0  0  0
   -1.2321   -9.0388   -0.0000 Se  0  0  0  0  0  0  0  0  0  0  0  0
   -0.9230   -8.0878   -0.0000 C   0  0  0  0  0  0  0  0  0  0  0  0
    3.4641   -0.5000   -0.0000 C   0  0  0  0  0  0  0  0  0  0  0  0
    4.3301    0.0000   -0.0000 C   0  0  0  0  0  0  0  0  0  0  0  0
  1  2  1  0  0  0  0
  2  3  2  0  0  0  0
  3  4  1  0  0  0  0
  4  5  2  0  0  0  0
  1  5  1  0  0  0  0
  4  6  1  0  0  0  0
  6  7  2  0  0  0  0
  7  8  1  0  0  0  0
  8  9  2  0  0  0  0
  9 10  1  0  0  0  0
 10 11  1  0  0  0  0
 11 12  1  0  0  0  0
 12 13  1  0  0  0  0
 13 14  2  0  0  0  0
 14 15  1  0  0  0  0
 15 16  1  0  0  0  0
 16 17  1  0  0  0  0
 17 18  2  0  0  0  0
 18 19  1  0  0  0  0
 19 20  2  0  0  0  0
 20 21  1  0  0  0  0
 21 22  2  0  0  0  0
 17 22  1  0  0  0  0
 20 23  1  0  0  0  0
 23 24  1  0  0  0  0
 24 25  2  0  0  0  0
 25 26  1  0  0  0  0
 26 27  1  0  0  0  0
 23 27  2  0  0  0  0
 14 28  1  0  0  0  0
 28 29  2  0  0  0  0
 29 30  1  0  0  0  0
 12 30  2  0  0  0  0
 29 31  1  0  0  0  0
 31 32  1  0  0  0  0
 32 33  1  0  0  0  0
 33 34  2  0  0  0  0
 34 35  1  0  0  0  0
 35 36  2  0  0  0  0
 36 37  1  0  0  0  0
 37 38  2  0  0  0  0
 33 38  1  0  0  0  0
 36 39  1  0  0  0  0
 39 40  1  0  0  0  0
 40 41  2  0  0  0  0
 41 42  1  0  0  0  0
 42 43  1  0  0  0  0
 39 43  2  0  0  0  0
  9 44  1  0  0  0  0
 44 45  2  0  0  0  0
  6 45  1  0  0  0  0
M  END

