Message:
openmolecules.org MolfileCreator 1.0

 12 13  0  0  1  0  0  0  0  0999 V2000
    1.2990   -0.0000   -0.0000 O   0  0  0  0  0  0  0  0  0  0  0  0
    0.0000   -0.7500   -0.0000 C   0  0  0  0  0  0  0  0  0  0  0  0
   -1.2990    0.0000   -0.0000 C   0  0  0  0  0  0  0  0  0  0  0  0
   -2.5981   -0.7500   -0.0000 N   0  0  0  0  0  0  0  0  0  0  0  0
   -4.0247   -0.2865   -0.0000 C   0  0  0  0  0  0  0  0  0  0  0  0
   -4.9063   -1.5000   -0.0000 C   0  0  0  0  0  0  0  0  0  0  0  0
   -4.0247   -2.7135   -0.0000 C   0  0  0  0  0  0  0  0  0  0  0  0
   -2.5981   -2.2500   -0.0000 C   0  0  0  0  0  0  0  0  0  0  0  0
   -1.2990   -3.0000   -0.0000 C   0  0  0  0  0  0  0  0  0  0  0  0
   -0.0000   -2.2500   -0.0000 C   0  0  0  0  0  0  0  0  0  0  0  0
    1.2990   -3.0000   -0.0000 O   0  0  0  0  0  0  0  0  0  0  0  0
   -1.2990   -4.5000   -0.0000 O   0  0  0  0  0  0  0  0  0  0  0  0
  2  1  1  6  0  0  0
  2  3  1  0  0  0  0
  3  4  1  0  0  0  0
  4  5  1  0  0  0  0
  5  6  1  0  0  0  0
  6  7  1  0  0  0  0
  8  7  1  0  0  0  0
  8  4  1  6  0  0  0
  9  8  1  0  0  0  0
 10  9  1  0  0  0  0
  2 10  1  0  0  0  0
 10 11  1  1  0  0  0
  9 12  1  6  0  0  0
M  END

