Message:
openmolecules.org MolfileCreator 1.0

 30 34  0  0  0  0  0  0  0  0999 V2000
    6.4209    1.2071   -0.0000 C   0  0  0  0  0  0  0  0  0  0  0  0
    5.5549    0.7071   -0.0000 C   0  0  0  0  0  0  0  0  0  0  0  0
    4.5889    0.9659   -0.0000 C   0  0  0  0  0  0  0  0  0  0  0  0
    4.3301   -0.0000   -0.0000 C   0  0  0  0  0  0  0  0  0  0  0  0
    5.2961   -0.2588   -0.0000 C   0  0  0  0  0  0  0  0  0  0  0  0
    3.4641   -0.5000   -0.0000 C   0  0  0  0  0  0  0  0  0  0  0  0
    2.5981   -0.0000   -0.0000 N   0  0  0  0  0  0  0  0  0  0  0  0
    1.7321   -0.5000   -0.0000 N   0  0  0  0  0  0  0  0  0  0  0  0
    0.8660   -0.0000   -0.0000 C   0  0  0  0  0  0  0  0  0  0  0  0
    0.8660    1.0000   -0.0000 S   0  0  0  0  0  0  0  0  0  0  0  0
    0.0000   -0.5000   -0.0000 N   0  0  0  0  0  0  0  0  0  0  0  0
    3.4641   -1.5000   -0.0000 C   0  0  0  0  0  0  0  0  0  0  0  0
    2.6551   -2.0878   -0.0000 C   0  0  0  0  0  0  0  0  0  0  0  0
    2.9641   -3.0388   -0.0000 C   0  0  0  0  0  0  0  0  0  0  0  0
    3.9641   -3.0388   -0.0000 C   0  0  0  0  0  0  0  0  0  0  0  0
    4.2731   -2.0878   -0.0000 O   0  0  0  0  0  0  0  0  0  0  0  0
    4.4641   -3.9049   -0.0000 C   0  0  0  0  0  0  0  0  0  0  0  0
    3.9641   -4.7709   -0.0000 C   0  0  0  0  0  0  0  0  0  0  0  0
    2.9641   -4.7709   -0.0000 C   0  0  0  0  0  0  0  0  0  0  0  0
    2.4641   -5.6369   -0.0000 C   0  0  0  0  0  0  0  0  0  0  0  0
    1.4641   -5.6369   -0.0000 C   0  0  0  0  0  0  0  0  0  0  0  0
    0.9641   -4.7709   -0.0000 C   0  0  0  0  0  0  0  0  0  0  0  0
    1.4641   -3.9049   -0.0000 C   0  0  0  0  0  0  0  0  0  0  0  0
    2.4641   -3.9049   -0.0000 C   0  0  0  0  0  0  0  0  0  0  0  0
    6.3482    0.0983   -0.0000 C   0  0  0  0  0  0  0  0  0  0  0  0
    6.2177   -0.8931   -0.0000 C   0  0  0  0  0  0  0  0  0  0  0  0
    7.0111   -1.5019   -0.0000 C   0  0  0  0  0  0  0  0  0  0  0  0
    7.9349   -1.1192   -0.0000 C   0  0  0  0  0  0  0  0  0  0  0  0
    8.0655   -0.1277   -0.0000 C   0  0  0  0  0  0  0  0  0  0  0  0
    7.2721    0.4810   -0.0000 C   0  0  0  0  0  0  0  0  0  0  0  0
  1  2  1  0  0  0  0
  2  3  1  0  0  0  0
  3  4  1  0  0  0  0
  4  5  1  0  0  0  0
  2  5  1  0  0  0  0
  4  6  1  0  0  0  0
  6  7  2  0  0  0  0
  7  8  1  0  0  0  0
  8  9  1  0  0  0  0
  9 10  2  0  0  0  0
  9 11  1  0  0  0  0
  6 12  1  0  0  0  0
 12 13  2  0  0  0  0
 13 14  1  0  0  0  0
 14 15  2  0  0  0  0
 15 16  1  0  0  0  0
 12 16  1  0  0  0  0
 15 17  1  0  0  0  0
 17 18  2  0  0  0  0
 18 19  1  0  0  0  0
 19 20  2  0  0  0  0
 20 21  1  0  0  0  0
 21 22  2  0  0  0  0
 22 23  1  0  0  0  0
 23 24  2  0  0  0  0
 19 24  1  0  0  0  0
 14 24  1  0  0  0  0
  2 25  1  0  0  0  0
 25 26  2  0  0  0  0
 26 27  1  0  0  0  0
 27 28  2  0  0  0  0
 28 29  1  0  0  0  0
 29 30  2  0  0  0  0
 25 30  1  0  0  0  0
M  END

