Message:
openmolecules.org MolfileCreator 1.0

 14 15  0  0  0  0  0  0  0  0999 V2000
    4.2280   -2.2418   -0.0000 I   0  0  0  0  0  0  0  0  0  0  0  0
    1.9780   -0.6331   -0.0000 C   0  0  0  0  0  0  0  0  0  0  0  0
    0.5008   -0.8936   -0.0000 C   0  0  0  0  0  0  0  0  0  0  0  0
   -0.5782    0.1484   -0.0000 C   0  0  0  0  0  0  0  0  0  0  0  0
   -1.9027   -0.5558   -0.0000 S   0  0  0  0  0  0  0  0  0  0  0  0
   -1.6422   -2.0330   -0.0000 C   0  0  0  0  0  0  0  0  0  0  0  0
   -2.2998   -3.3812   -0.0000 N   0  0  0  0  0  0  0  0  0  0  0  0
   -1.2207   -4.4232   -0.0000 C   0  0  0  0  0  0  0  0  0  0  0  0
    0.1037   -3.7190   -0.0000 C   0  0  0  0  0  0  0  0  0  0  0  0
   -0.1568   -2.2418   -0.0000 N   0  0  0  0  0  0  0  0  0  0  0  0
    1.3758   -4.5139   -0.0000 C   0  0  0  0  0  0  0  0  0  0  0  0
    1.3234   -6.0130   -0.0000 C   0  0  0  0  0  0  0  0  0  0  0  0
   -0.0010   -6.7172   -0.0000 C   0  0  0  0  0  0  0  0  0  0  0  0
   -1.2731   -5.9223   -0.0000 C   0  0  0  0  0  0  0  0  0  0  0  0
  2  3  1  0  0  0  0
  3  4  2  0  0  0  0
  4  5  1  0  0  0  0
  5  6  1  0  0  0  0
  6  7  1  0  0  0  0
  7  8  1  0  0  0  0
  8  9  2  0  0  0  0
  9 10  1  0  0  0  0
  6 10  2  0  0  0  0
  3 10  1  0  0  0  0
  9 11  1  0  0  0  0
 11 12  2  0  0  0  0
 12 13  1  0  0  0  0
 13 14  2  0  0  0  0
  8 14  1  0  0  0  0
M  CHG  2   1  -1  10   1
M  END

