Message:
openmolecules.org MolfileCreator 1.0

 16 17  0  0  0  0  0  0  0  0999 V2000
    6.0326   -3.9487   -0.0000 C   0  0  0  0  0  0  0  0  0  0  0  0
    5.5326   -3.0827   -0.0000 C   0  0  0  0  0  0  0  0  0  0  0  0
    5.9393   -2.1691   -0.0000 S   0  0  0  0  0  0  0  0  0  0  0  0
    5.1962   -1.5000   -0.0000 C   0  0  0  0  0  0  0  0  0  0  0  0
    5.1962   -0.5000   -0.0000 N   0  0  0  0  0  0  0  0  0  0  0  0
    4.3301    0.0000   -0.0000 C   0  0  0  0  0  0  0  0  0  0  0  0
    3.4641   -0.5000   -0.0000 C   0  0  0  0  0  0  0  0  0  0  0  0
    3.4641   -1.5000   -0.0000 C   0  0  0  0  0  0  0  0  0  0  0  0
    4.3301   -2.0000   -0.0000 C   0  0  0  0  0  0  0  0  0  0  0  0
    4.5380   -2.9781   -0.0000 N   0  0  0  0  0  0  0  0  0  0  0  0
    2.5981   -0.0000   -0.0000 C   0  0  0  0  0  0  0  0  0  0  0  0
    2.5981    1.0000   -0.0000 O   0  0  0  0  0  0  0  0  0  0  0  0
    1.7321   -0.5000   -0.0000 O   0  0  0  0  0  0  0  0  0  0  0  0
    0.8660   -0.0000   -0.0000 C   0  0  0  0  0  0  0  0  0  0  0  0
    0.0000   -0.5000   -0.0000 C   0  0  0  0  0  0  0  0  0  0  0  0
    4.3301    1.0000   -0.0000 O   0  0  0  0  0  0  0  0  0  0  0  0
  1  2  1  0  0  0  0
  2  3  1  0  0  0  0
  3  4  1  0  0  0  0
  4  5  1  0  0  0  0
  5  6  1  0  0  0  0
  6  7  1  0  0  0  0
  7  8  2  0  0  0  0
  8  9  1  0  0  0  0
  4  9  2  0  0  0  0
  9 10  1  0  0  0  0
  2 10  2  0  0  0  0
  7 11  1  0  0  0  0
 11 12  2  0  0  0  0
 11 13  1  0  0  0  0
 13 14  1  0  0  0  0
 14 15  1  0  0  0  0
  6 16  2  0  0  0  0
M  END

