Message:
openmolecules.org MolfileCreator 1.0

 20 20  0  0  1  0  0  0  0  0999 V2000
    8.0393    3.5408   -0.0000 F   0  0  0  0  0  0  0  0  0  0  0  0
    8.9528    3.1341   -0.0000 C   0  0  0  0  0  0  0  0  0  0  0  0
    8.5461    2.2205   -0.0000 C   0  0  0  0  0  0  0  0  0  0  0  0
    9.1339    1.4115   -0.0000 O   0  0  0  0  0  0  0  0  0  0  0  0
    7.5516    2.1160   -0.0000 O   0  0  0  0  0  0  0  0  0  0  0  0
    7.1449    1.2024   -0.0000 C   0  0  0  0  0  0  0  0  0  0  0  0
    6.1667    0.9945   -0.0000 C   0  0  0  0  0  0  0  0  0  0  0  0
    6.0622   -0.0000   -0.0000 C   0  0  0  0  0  0  0  0  0  0  0  0
    6.9757   -0.4067   -0.0000 O   0  0  0  0  0  0  0  0  0  0  0  0
    7.6449    0.3364   -0.0000 C   0  0  0  0  0  0  0  0  0  0  0  0
    5.1962   -0.5000   -0.0000 C   0  0  0  0  0  0  0  0  0  0  0  0
    4.3301   -0.0000   -0.0000 C   0  0  0  0  0  0  0  0  0  0  0  0
    3.4641   -0.5000   -0.0000 C   0  0  0  0  0  0  0  0  0  0  0  0
    2.5981   -0.0000   -0.0000 C   0  0  0  0  0  0  0  0  0  0  0  0
    1.7321   -0.5000   -0.0000 C   0  0  0  0  0  0  0  0  0  0  0  0
    0.8660   -0.0000   -0.0000 C   0  0  0  0  0  0  0  0  0  0  0  0
    0.0000   -0.5000   -0.0000 C   0  0  0  0  0  0  0  0  0  0  0  0
    8.1435    1.2548   -0.0000 C   0  0  0  0  0  0  0  0  0  0  0  0
    9.3596    4.0476   -0.0000 F   0  0  0  0  0  0  0  0  0  0  0  0
    9.8664    2.7273   -0.0000 F   0  0  0  0  0  0  0  0  0  0  0  0
  1  2  1  0  0  0  0
  2  3  1  0  0  0  0
  3  4  2  0  0  0  0
  3  5  1  0  0  0  0
  6  5  1  1  0  0  0
  6  7  1  0  0  0  0
  8  7  1  0  0  0  0
  8  9  1  0  0  0  0
  9 10  1  0  0  0  0
  6 10  1  0  0  0  0
  8 11  1  6  0  0  0
 11 12  1  0  0  0  0
 12 13  1  0  0  0  0
 13 14  1  0  0  0  0
 14 15  1  0  0  0  0
 15 16  1  0  0  0  0
 16 17  1  0  0  0  0
  6 18  1  0  0  0  0
  2 19  1  0  0  0  0
  2 20  1  0  0  0  0
M  END

