Message:
openmolecules.org MolfileCreator 1.0

 19 20  0  0  0  0  0  0  0  0999 V2000
    5.5793   -2.0773   -0.0000 C   0  0  0  0  0  0  0  0  0  0  0  0
    5.2674   -0.6101   -0.0000 C   0  0  0  0  0  0  0  0  0  0  0  0
    6.2711    0.5046   -0.0000 N   0  0  0  0  0  0  0  0  0  0  0  0
    5.5211    1.8037   -0.0000 N   0  0  0  0  0  0  0  0  0  0  0  0
    4.0539    1.4918   -0.0000 C   0  0  0  0  0  0  0  0  0  0  0  0
    3.8971   -0.0000   -0.0000 N   0  0  0  0  0  0  0  0  0  0  0  0
    2.5981   -0.7500   -0.0000 N   0  0  0  0  0  0  0  0  0  0  0  0
    1.2990   -0.0000   -0.0000 C   0  0  0  0  0  0  0  0  0  0  0  0
    0.0000   -0.7500   -0.0000 C   0  0  0  0  0  0  0  0  0  0  0  0
   -1.2990    0.0000   -0.0000 C   0  0  0  0  0  0  0  0  0  0  0  0
   -2.5981   -0.7500   -0.0000 C   0  0  0  0  0  0  0  0  0  0  0  0
   -2.5981   -2.2500   -0.0000 C   0  0  0  0  0  0  0  0  0  0  0  0
   -1.2990   -3.0000   -0.0000 C   0  0  0  0  0  0  0  0  0  0  0  0
   -0.0000   -2.2500   -0.0000 C   0  0  0  0  0  0  0  0  0  0  0  0
   -3.8971   -3.0000   -0.0000 O   0  0  0  0  0  0  0  0  0  0  0  0
   -3.8971    0.0000   -0.0000 O   0  0  0  0  0  0  0  0  0  0  0  0
   -3.8971    1.5000   -0.0000 C   0  0  0  0  0  0  0  0  0  0  0  0
   -5.1962    2.2500   -0.0000 C   0  0  0  0  0  0  0  0  0  0  0  0
    2.9392    2.4955   -0.0000 O   0  0  0  0  0  0  0  0  0  0  0  0
  1  2  1  0  0  0  0
  2  3  2  0  0  0  0
  3  4  1  0  0  0  0
  4  5  1  0  0  0  0
  5  6  1  0  0  0  0
  2  6  1  0  0  0  0
  6  7  1  0  0  0  0
  7  8  2  3  0  0  0
  8  9  1  0  0  0  0
  9 10  2  0  0  0  0
 10 11  1  0  0  0  0
 11 12  2  0  0  0  0
 12 13  1  0  0  0  0
 13 14  2  0  0  0  0
  9 14  1  0  0  0  0
 12 15  1  0  0  0  0
 11 16  1  0  0  0  0
 16 17  1  0  0  0  0
 17 18  1  0  0  0  0
  5 19  2  0  0  0  0
M  END

