Message:
openmolecules.org MolfileCreator 1.0

 84 96  0  0  0  0  0  0  0  0999 V2000
    6.7788    1.8364   -0.0000 Se  0  0  0  0  0  0  0  0  0  0  0  0
    6.2788    2.7024   -0.0000 N   0  0  0  0  0  0  0  0  0  0  0  0
    5.3007    2.4945   -0.0000 N   0  0  0  0  0  0  0  0  0  0  0  0
    5.1962    1.5000   -0.0000 C   0  0  0  0  0  0  0  0  0  0  0  0
    6.1097    1.0933   -0.0000 C   0  0  0  0  0  0  0  0  0  0  0  0
    4.3301    1.0000   -0.0000 C   0  0  0  0  0  0  0  0  0  0  0  0
    3.4641    1.5000   -0.0000 C   0  0  0  0  0  0  0  0  0  0  0  0
    2.5981    1.0000   -0.0000 C   0  0  0  0  0  0  0  0  0  0  0  0
    2.5981   -0.0000   -0.0000 C   0  0  0  0  0  0  0  0  0  0  0  0
    1.7321   -0.5000   -0.0000 O   0  0  0  0  0  0  0  0  0  0  0  0
    0.8660   -0.0000   -0.0000 C   0  0  0  0  0  0  0  0  0  0  0  0
    0.0000   -0.5000   -0.0000 C   0  0  0  0  0  0  0  0  0  0  0  0
   -0.8660    0.0000   -0.0000 C   0  0  0  0  0  0  0  0  0  0  0  0
   -0.8660    1.0000   -0.0000 C   0  0  0  0  0  0  0  0  0  0  0  0
    0.0000    1.5000   -0.0000 O   0  0  0  0  0  0  0  0  0  0  0  0
    0.0000    2.5000   -0.0000 C   0  0  0  0  0  0  0  0  0  0  0  0
    0.8660    3.0000   -0.0000 C   0  0  0  0  0  0  0  0  0  0  0  0
    0.8660    4.0000   -0.0000 C   0  0  0  0  0  0  0  0  0  0  0  0
    0.0000    4.5000   -0.0000 C   0  0  0  0  0  0  0  0  0  0  0  0
   -0.8660    4.0000   -0.0000 C   0  0  0  0  0  0  0  0  0  0  0  0
   -0.8660    3.0000   -0.0000 C   0  0  0  0  0  0  0  0  0  0  0  0
    0.0000    5.5000   -0.0000 C   0  0  0  0  0  0  0  0  0  0  0  0
    0.8090    6.0878   -0.0000 N   0  0  0  0  0  0  0  0  0  0  0  0
    0.5000    7.0388   -0.0000 N   0  0  0  0  0  0  0  0  0  0  0  0
   -0.5000    7.0388   -0.0000 Se  0  0  0  0  0  0  0  0  0  0  0  0
   -0.8090    6.0878   -0.0000 C   0  0  0  0  0  0  0  0  0  0  0  0
   -1.7321   -0.5000   -0.0000 C   0  0  0  0  0  0  0  0  0  0  0  0
   -1.7321   -1.5000   -0.0000 C   0  0  0  0  0  0  0  0  0  0  0  0
   -0.8660   -2.0000   -0.0000 C   0  0  0  0  0  0  0  0  0  0  0  0
   -0.0000   -1.5000   -0.0000 C   0  0  0  0  0  0  0  0  0  0  0  0
    0.8660   -2.0000   -0.0000 C   0  0  0  0  0  0  0  0  0  0  0  0
    0.8660   -3.0000   -0.0000 O   0  0  0  0  0  0  0  0  0  0  0  0
    1.7321   -3.5000   -0.0000 C   0  0  0  0  0  0  0  0  0  0  0  0
    1.7321   -4.5000   -0.0000 C   0  0  0  0  0  0  0  0  0  0  0  0
    2.5981   -5.0000   -0.0000 C   0  0  0  0  0  0  0  0  0  0  0  0
    3.4641   -4.5000   -0.0000 C   0  0  0  0  0  0  0  0  0  0  0  0
    3.4641   -3.5000   -0.0000 C   0  0  0  0  0  0  0  0  0  0  0  0
    2.5981   -3.0000   -0.0000 C   0  0  0  0  0  0  0  0  0  0  0  0
    4.3301   -5.0000   -0.0000 C   0  0  0  0  0  0  0  0  0  0  0  0
    4.4347   -5.9945   -0.0000 N   0  0  0  0  0  0  0  0  0  0  0  0
    5.4128   -6.2024   -0.0000 N   0  0  0  0  0  0  0  0  0  0  0  0
    5.9128   -5.3364   -0.0000 Se  0  0  0  0  0  0  0  0  0  0  0  0
    5.2437   -4.5933   -0.0000 C   0  0  0  0  0  0  0  0  0  0  0  0
   -0.8660   -3.0000   -0.0000 C   0  0  0  0  0  0  0  0  0  0  0  0
   -1.7321   -3.5000   -0.0000 O   0  0  0  0  0  0  0  0  0  0  0  0
   -1.7321   -4.5000   -0.0000 C   0  0  0  0  0  0  0  0  0  0  0  0
   -2.5981   -5.0000   -0.0000 C   0  0  0  0  0  0  0  0  0  0  0  0
   -2.5981   -6.0000   -0.0000 C   0  0  0  0  0  0  0  0  0  0  0  0
   -1.7321   -6.5000   -0.0000 C   0  0  0  0  0  0  0  0  0  0  0  0
   -0.8660   -6.0000   -0.0000 C   0  0  0  0  0  0  0  0  0  0  0  0
   -0.8660   -5.0000   -0.0000 C   0  0  0  0  0  0  0  0  0  0  0  0
   -1.7321   -7.5000   -0.0000 C   0  0  0  0  0  0  0  0  0  0  0  0
   -2.5411   -8.0878   -0.0000 N   0  0  0  0  0  0  0  0  0  0  0  0
   -2.2321   -9.0388   -0.0000 N   0  0  0  0  0  0  0  0  0  0  0  0
   -1.2321   -9.0388   -0.0000 Se  0  0  0  0  0  0  0  0  0  0  0  0
   -0.9230   -8.0878   -0.0000 C   0  0  0  0  0  0  0  0  0  0  0  0
   -2.5981   -2.0000   -0.0000 C   0  0  0  0  0  0  0  0  0  0  0  0
   -3.4641   -1.5000   -0.0000 O   0  0  0  0  0  0  0  0  0  0  0  0
   -4.3301   -2.0000   -0.0000 C   0  0  0  0  0  0  0  0  0  0  0  0
   -5.1962   -1.5000   -0.0000 C   0  0  0  0  0  0  0  0  0  0  0  0
   -6.0622   -2.0000   -0.0000 C   0  0  0  0  0  0  0  0  0  0  0  0
   -6.0622   -3.0000   -0.0000 C   0  0  0  0  0  0  0  0  0  0  0  0
   -5.1962   -3.5000   -0.0000 C   0  0  0  0  0  0  0  0  0  0  0  0
   -4.3301   -3.0000   -0.0000 C   0  0  0  0  0  0  0  0  0  0  0  0
   -6.9282   -3.5000   -0.0000 C   0  0  0  0  0  0  0  0  0  0  0  0
   -7.8417   -3.0933   -0.0000 N   0  0  0  0  0  0  0  0  0  0  0  0
   -8.5109   -3.8364   -0.0000 N   0  0  0  0  0  0  0  0  0  0  0  0
   -8.0109   -4.7024   -0.0000 Se  0  0  0  0  0  0  0  0  0  0  0  0
   -7.0327   -4.4945   -0.0000 C   0  0  0  0  0  0  0  0  0  0  0  0
   -2.5981    0.0000   -0.0000 C   0  0  0  0  0  0  0  0  0  0  0  0
   -2.5981    1.0000   -0.0000 O   0  0  0  0  0  0  0  0  0  0  0  0
   -3.4641    1.5000   -0.0000 C   0  0  0  0  0  0  0  0  0  0  0  0
   -3.4641    2.5000   -0.0000 C   0  0  0  0  0  0  0  0  0  0  0  0
   -4.3301    3.0000   -0.0000 C   0  0  0  0  0  0  0  0  0  0  0  0
   -5.1962    2.5000   -0.0000 C   0  0  0  0  0  0  0  0  0  0  0  0
   -5.1962    1.5000   -0.0000 C   0  0  0  0  0  0  0  0  0  0  0  0
   -4.3301    1.0000   -0.0000 C   0  0  0  0  0  0  0  0  0  0  0  0
   -6.0622    3.0000   -0.0000 C   0  0  0  0  0  0  0  0  0  0  0  0
   -6.1667    3.9945   -0.0000 N   0  0  0  0  0  0  0  0  0  0  0  0
   -7.1449    4.2024   -0.0000 N   0  0  0  0  0  0  0  0  0  0  0  0
   -7.6449    3.3364   -0.0000 Se  0  0  0  0  0  0  0  0  0  0  0  0
   -6.9757    2.5933   -0.0000 C   0  0  0  0  0  0  0  0  0  0  0  0
    3.4641   -0.5000   -0.0000 C   0  0  0  0  0  0  0  0  0  0  0  0
    4.3301    0.0000   -0.0000 C   0  0  0  0  0  0  0  0  0  0  0  0
  1  2  1  0  0  0  0
  2  3  2  0  0  0  0
  3  4  1  0  0  0  0
  4  5  2  0  0  0  0
  1  5  1  0  0  0  0
  4  6  1  0  0  0  0
  6  7  2  0  0  0  0
  7  8  1  0  0  0  0
  8  9  2  0  0  0  0
  9 10  1  0  0  0  0
 10 11  1  0  0  0  0
 11 12  1  0  0  0  0
 12 13  2  0  0  0  0
 13 14  1  0  0  0  0
 14 15  1  0  0  0  0
 15 16  1  0  0  0  0
 16 17  2  0  0  0  0
 17 18  1  0  0  0  0
 18 19  2  0  0  0  0
 19 20  1  0  0  0  0
 20 21  2  0  0  0  0
 16 21  1  0  0  0  0
 19 22  1  0  0  0  0
 22 23  1  0  0  0  0
 23 24  2  0  0  0  0
 24 25  1  0  0  0  0
 25 26  1  0  0  0  0
 22 26  2  0  0  0  0
 13 27  1  0  0  0  0
 27 28  2  0  0  0  0
 28 29  1  0  0  0  0
 29 30  2  0  0  0  0
 12 30  1  0  0  0  0
 30 31  1  0  0  0  0
 31 32  1  0  0  0  0
 32 33  1  0  0  0  0
 33 34  2  0  0  0  0
 34 35  1  0  0  0  0
 35 36  2  0  0  0  0
 36 37  1  0  0  0  0
 37 38  2  0  0  0  0
 33 38  1  0  0  0  0
 36 39  1  0  0  0  0
 39 40  1  0  0  0  0
 40 41  2  0  0  0  0
 41 42  1  0  0  0  0
 42 43  1  0  0  0  0
 39 43  2  0  0  0  0
 29 44  1  0  0  0  0
 44 45  1  0  0  0  0
 45 46  1  0  0  0  0
 46 47  2  0  0  0  0
 47 48  1  0  0  0  0
 48 49  2  0  0  0  0
 49 50  1  0  0  0  0
 50 51  2  0  0  0  0
 46 51  1  0  0  0  0
 49 52  1  0  0  0  0
 52 53  1  0  0  0  0
 53 54  2  0  0  0  0
 54 55  1  0  0  0  0
 55 56  1  0  0  0  0
 52 56  2  0  0  0  0
 28 57  1  0  0  0  0
 57 58  1  0  0  0  0
 58 59  1  0  0  0  0
 59 60  2  0  0  0  0
 60 61  1  0  0  0  0
 61 62  2  0  0  0  0
 62 63  1  0  0  0  0
 63 64  2  0  0  0  0
 59 64  1  0  0  0  0
 62 65  1  0  0  0  0
 65 66  1  0  0  0  0
 66 67  2  0  0  0  0
 67 68  1  0  0  0  0
 68 69  1  0  0  0  0
 65 69  2  0  0  0  0
 27 70  1  0  0  0  0
 70 71  1  0  0  0  0
 71 72  1  0  0  0  0
 72 73  2  0  0  0  0
 73 74  1  0  0  0  0
 74 75  2  0  0  0  0
 75 76  1  0  0  0  0
 76 77  2  0  0  0  0
 72 77  1  0  0  0  0
 75 78  1  0  0  0  0
 78 79  1  0  0  0  0
 79 80  2  0  0  0  0
 80 81  1  0  0  0  0
 81 82  1  0  0  0  0
 78 82  2  0  0  0  0
  9 83  1  0  0  0  0
 83 84  2  0  0  0  0
  6 84  1  0  0  0  0
M  END

