Message:
openmolecules.org MolfileCreator 1.0

 26 27  0  0  0  0  0  0  0  0999 V2000
    5.1753    0.2319   -0.0000 C   0  0  0  0  0  0  0  0  0  0  0  0
    5.5820   -0.6817   -0.0000 C   0  0  0  0  0  0  0  0  0  0  0  0
    5.7631    1.0409   -0.0000 O   0  0  0  0  0  0  0  0  0  0  0  0
    4.1808    0.3364   -0.0000 N   0  0  0  0  0  0  0  0  0  0  0  0
    3.6808    1.2024   -0.0000 N   0  0  0  0  0  0  0  0  0  0  0  0
    2.7026    0.9945   -0.0000 C   0  0  0  0  0  0  0  0  0  0  0  0
    2.5981   -0.0000   -0.0000 N   0  0  0  0  0  0  0  0  0  0  0  0
    3.5116   -0.4067   -0.0000 C   0  0  0  0  0  0  0  0  0  0  0  0
    3.7195   -1.3849   -0.0000 O   0  0  0  0  0  0  0  0  0  0  0  0
    1.7321   -0.5000   -0.0000 N   0  0  0  0  0  0  0  0  0  0  0  0
    0.8660   -0.0000   -0.0000 C   0  0  0  0  0  0  0  0  0  0  0  0
    0.0000   -0.5000   -0.0000 C   0  0  0  0  0  0  0  0  0  0  0  0
   -0.8660    0.0000   -0.0000 C   0  0  0  0  0  0  0  0  0  0  0  0
   -1.7321   -0.5000   -0.0000 C   0  0  0  0  0  0  0  0  0  0  0  0
   -1.7321   -1.5000   -0.0000 C   0  0  0  0  0  0  0  0  0  0  0  0
   -0.8660   -2.0000   -0.0000 C   0  0  0  0  0  0  0  0  0  0  0  0
   -0.0000   -1.5000   -0.0000 C   0  0  0  0  0  0  0  0  0  0  0  0
   -2.5981   -2.0000   -0.0000 O   0  0  0  0  0  0  0  0  0  0  0  0
   -3.4641   -1.5000   -0.0000 C   0  0  0  0  0  0  0  0  0  0  0  0
   -3.4641   -0.5000   -0.0000 C   0  0  0  0  0  0  0  0  0  0  0  0
   -4.3301   -2.0000   -0.0000 O   0  0  0  0  0  0  0  0  0  0  0  0
   -2.5981    0.0000   -0.0000 O   0  0  0  0  0  0  0  0  0  0  0  0
   -2.5981    1.0000   -0.0000 C   0  0  0  0  0  0  0  0  0  0  0  0
   -3.4641    1.5000   -0.0000 C   0  0  0  0  0  0  0  0  0  0  0  0
    1.9595    1.6637   -0.0000 C   0  0  0  0  0  0  0  0  0  0  0  0
    1.0084    1.3546   -0.0000 C   0  0  0  0  0  0  0  0  0  0  0  0
  1  2  1  0  0  0  0
  1  3  2  0  0  0  0
  1  4  1  0  0  0  0
  4  5  1  0  0  0  0
  5  6  2  0  0  0  0
  6  7  1  0  0  0  0
  7  8  1  0  0  0  0
  4  8  1  0  0  0  0
  8  9  2  0  0  0  0
  7 10  1  0  0  0  0
 10 11  2  3  0  0  0
 11 12  1  0  0  0  0
 12 13  2  0  0  0  0
 13 14  1  0  0  0  0
 14 15  2  0  0  0  0
 15 16  1  0  0  0  0
 16 17  2  0  0  0  0
 12 17  1  0  0  0  0
 15 18  1  0  0  0  0
 18 19  1  0  0  0  0
 19 20  1  0  0  0  0
 19 21  2  0  0  0  0
 14 22  1  0  0  0  0
 22 23  1  0  0  0  0
 23 24  1  0  0  0  0
  6 25  1  0  0  0  0
 25 26  1  0  0  0  0
M  END

