Message:
openmolecules.org MolfileCreator 1.0

 35 38  0  0  0  0  0  0  0  0999 V2000
    6.6780  -10.1014   -0.0000 C   0  0  0  0  0  0  0  0  0  0  0  0
    7.3554   -8.7595   -0.0000 C   0  0  0  0  0  0  0  0  0  0  0  0
    6.5320   -7.5019   -0.0000 C   0  0  0  0  0  0  0  0  0  0  0  0
    7.2094   -6.1600   -0.0000 C   0  0  0  0  0  0  0  0  0  0  0  0
    8.7103   -6.0757   -0.0000 C   0  0  0  0  0  0  0  0  0  0  0  0
    9.5337   -7.3334   -0.0000 C   0  0  0  0  0  0  0  0  0  0  0  0
    8.8562   -8.6753   -0.0000 C   0  0  0  0  0  0  0  0  0  0  0  0
   11.0345   -7.2491   -0.0000 C   0  0  0  0  0  0  0  0  0  0  0  0
    6.3860   -4.9024   -0.0000 N   0  0  0  0  0  0  0  0  0  0  0  0
    4.8852   -4.9867   -0.0000 C   0  0  0  0  0  0  0  0  0  0  0  0
    4.2078   -6.3286   -0.0000 O   0  0  0  0  0  0  0  0  0  0  0  0
    4.0618   -3.7291   -0.0000 N   0  0  0  0  0  0  0  0  0  0  0  0
    4.8376   -2.4416   -0.0000 C   0  0  0  0  0  0  0  0  0  0  0  0
    4.3147   -1.0322   -0.0000 C   0  0  0  0  0  0  0  0  0  0  0  0
    2.8868   -0.5624   -0.0000 N   0  0  0  0  0  0  0  0  0  0  0  0
    1.6292   -1.3858   -0.0000 C   0  0  0  0  0  0  0  0  0  0  0  0
    1.4888   -2.8824   -0.0000 C   0  0  0  0  0  0  0  0  0  0  0  0
    2.5714   -3.9253   -0.0000 C   0  0  0  0  0  0  0  0  0  0  0  0
    2.6906    0.9279   -0.0000 C   0  0  0  0  0  0  0  0  0  0  0  0
    3.9032    1.7423   -0.0000 O   0  0  0  0  0  0  0  0  0  0  0  0
    1.3018    1.5032   -0.0000 C   0  0  0  0  0  0  0  0  0  0  0  0
   -0.0870    0.9279   -0.0000 C   0  0  0  0  0  0  0  0  0  0  0  0
   -0.6622    2.3167   -0.0000 C   0  0  0  0  0  0  0  0  0  0  0  0
    0.7266    2.8920   -0.0000 C   0  0  0  0  0  0  0  0  0  0  0  0
    2.3647    2.5661   -0.0000 C   0  0  0  0  0  0  0  0  0  0  0  0
    1.9757    4.0181   -0.0000 N   0  0  0  0  0  0  0  0  0  0  0  0
    3.0386    5.0810   -0.0000 C   0  0  0  0  0  0  0  0  0  0  0  0
    2.6495    6.5330   -0.0000 C   0  0  0  0  0  0  0  0  0  0  0  0
    1.1976    6.9220   -0.0000 C   0  0  0  0  0  0  0  0  0  0  0  0
    0.8085    8.3740   -0.0000 C   0  0  0  0  0  0  0  0  0  0  0  0
   -0.6435    8.7631   -0.0000 C   0  0  0  0  0  0  0  0  0  0  0  0
   -1.7064    7.7002   -0.0000 C   0  0  0  0  0  0  0  0  0  0  0  0
   -1.3173    6.2482   -0.0000 C   0  0  0  0  0  0  0  0  0  0  0  0
    0.1346    5.8591   -0.0000 C   0  0  0  0  0  0  0  0  0  0  0  0
    3.7766    2.3786   -0.0000 O   0  0  0  0  0  0  0  0  0  0  0  0
  1  2  1  0  0  0  0
  2  3  1  0  0  0  0
  3  4  2  0  0  0  0
  4  5  1  0  0  0  0
  5  6  2  0  0  0  0
  6  7  1  0  0  0  0
  2  7  2  0  0  0  0
  6  8  1  0  0  0  0
  4  9  1  0  0  0  0
  9 10  1  0  0  0  0
 10 11  2  0  0  0  0
 10 12  1  0  0  0  0
 12 13  1  0  0  0  0
 13 14  1  0  0  0  0
 14 15  1  0  0  0  0
 15 16  1  0  0  0  0
 16 17  1  0  0  0  0
 17 18  1  0  0  0  0
 12 18  1  0  0  0  0
 15 19  1  0  0  0  0
 19 20  2  0  0  0  0
 19 21  1  0  0  0  0
 21 22  1  0  0  0  0
 22 23  1  0  0  0  0
 23 24  1  0  0  0  0
 21 24  1  0  0  0  0
 21 25  1  0  0  0  0
 25 26  1  0  0  0  0
 26 27  1  0  0  0  0
 27 28  1  0  0  0  0
 28 29  1  0  0  0  0
 29 30  2  0  0  0  0
 30 31  1  0  0  0  0
 31 32  2  0  0  0  0
 32 33  1  0  0  0  0
 33 34  2  0  0  0  0
 29 34  1  0  0  0  0
 25 35  2  0  0  0  0
M  END

